1.800000E+4	4.329387E+2	-8.777929E+1	5.327512E-1	5.946744E-3	2.042913E-2	8.844562E+0
1.800400E+4	4.308107E+2	-8.721596E+1	5.460879E-1	5.348630E-3	2.044285E-2	8.807000E+0
1.800800E+4	4.343435E+2	-8.871935E+1	5.575880E-1	5.167797E-3	2.026482E-2	8.801891E+0
1.801200E+4	4.324285E+2	-8.768388E+1	5.534940E-1	5.357230E-3	2.023770E-2	8.751360E+0
1.801600E+4	4.315648E+2	-8.866035E+1	5.480129E-1	5.625568E-3	2.015483E-2	8.698117E+0
1.802000E+4	4.291317E+2	-8.747978E+1	5.876909E-1	5.309929E-3	2.023835E-2	8.684919E+0
1.802400E+4	4.280710E+2	-8.718329E+1	5.920156E-1	5.547738E-3	2.012594E-2	8.615330E+0
1.802800E+4	4.286981E+2	-8.881155E+1	5.394689E-1	5.750586E-3	2.013654E-2	8.632495E+0
1.803200E+4	4.249790E+2	-8.711909E+1	5.534120E-1	5.645335E-3	2.007334E-2	8.530746E+0
1.803600E+4	4.276731E+2	-8.900860E+1	5.852840E-1	5.500432E-3	1.993166E-2	8.524235E+0
1.804000E+4	4.207381E+2	-8.509347E+1	5.588173E-1	5.124040E-3	2.006309E-2	8.441304E+0
1.804400E+4	4.235390E+2	-8.738169E+1	5.968581E-1	5.699987E-3	1.992704E-2	8.439878E+0
1.804800E+4	4.221724E+2	-8.755696E+1	5.899255E-1	5.490722E-3	1.985978E-2	8.384249E+0
1.805200E+4	4.211691E+2	-8.849168E+1	5.814230E-1	5.602459E-3	1.979014E-2	8.334995E+0
1.805600E+4	4.186225E+2	-8.745402E+1	5.862259E-1	5.685178E-3	1.978971E-2	8.284418E+0
1.806000E+4	4.191408E+2	-8.802190E+1	5.636416E-1	6.067388E-3	1.972857E-2	8.269050E+0
1.806400E+4	4.172832E+2	-8.802197E+1	5.545503E-1	5.943030E-3	1.969994E-2	8.220456E+0
1.806800E+4	4.144642E+2	-8.718896E+1	5.861167E-1	5.508154E-3	1.967817E-2	8.155894E+0
1.807200E+4	4.130940E+2	-8.721478E+1	5.800583E-1	5.552465E-3	1.970170E-2	8.138654E+0
1.807600E+4	4.127456E+2	-8.861899E+1	5.649426E-1	5.638680E-3	1.952265E-2	8.057889E+0
1.808000E+4	4.080768E+2	-8.715276E+1	6.040263E-1	5.379953E-3	1.964743E-2	8.017657E+0
1.808400E+4	4.084592E+2	-8.766685E+1	5.871724E-1	5.615208E-3	1.954948E-2	7.985166E+0
1.808800E+4	4.110207E+2	-8.680293E+1	6.075813E-1	5.421393E-3	1.937372E-2	7.962997E+0
1.809200E+4	4.099518E+2	-8.797018E+1	6.038264E-1	5.343460E-3	1.931506E-2	7.918245E+0
1.809600E+4	4.068445E+2	-8.796117E+1	5.674506E-1	5.487476E-3	1.938333E-2	7.886002E+0
1.810000E+4	4.030793E+2	-8.646700E+1	5.701419E-1	5.182505E-3	1.942182E-2	7.828536E+0
1.810400E+4	4.030656E+2	-8.714183E+1	5.884942E-1	5.253378E-3	1.927308E-2	7.768312E+0
1.810800E+4	4.009105E+2	-8.717625E+1	5.738910E-1	5.117320E-3	1.923129E-2	7.710025E+0
1.811200E+4	4.002556E+2	-8.767506E+1	5.941550E-1	5.205946E-3	1.920125E-2	7.685407E+0
1.811600E+4	3.990685E+2	-8.681570E+1	6.207831E-1	4.765769E-3	1.920352E-2	7.663518E+0
1.812000E+4	3.949141E+2	-8.707277E+1	5.630695E-1	4.720758E-3	1.917441E-2	7.572244E+0
1.812400E+4	3.972045E+2	-8.838061E+1	6.013835E-1	4.856027E-3	1.905313E-2	7.567988E+0
1.812800E+4	3.945658E+2	-8.803242E+1	6.235443E-1	4.409844E-3	1.909743E-2	7.535190E+0
1.813200E+4	3.915689E+2	-8.717193E+1	6.108682E-1	4.584027E-3	1.910870E-2	7.482374E+0
1.813600E+4	3.941041E+2	-8.838201E+1	5.460492E-1	4.382145E-3	1.887419E-2	7.438397E+0
1.814000E+4	3.879214E+2	-8.735025E+1	5.855601E-1	4.390609E-3	1.894876E-2	7.350629E+0
1.814400E+4	3.892350E+2	-8.681007E+1	6.371317E-1	4.561373E-3	1.879257E-2	7.314727E+0
1.814800E+4	3.897876E+2	-8.780247E+1	6.216491E-1	4.153468E-3	1.880431E-2	7.329688E+0
1.815200E+4	3.838681E+2	-8.790859E+1	6.301705E-1	3.860742E-3	1.886139E-2	7.240287E+0
1.815600E+4	3.828371E+2	-8.779982E+1	6.439028E-1	3.800956E-3	1.874273E-2	7.175413E+0
1.816000E+4	3.833821E+2	-8.676014E+1	6.396585E-1	3.616381E-3	1.864277E-2	7.147307E+0
1.816400E+4	3.843222E+2	-8.725278E+1	5.974060E-1	3.368287E-3	1.858836E-2	7.143920E+0
1.816800E+4	3.806506E+2	-8.611414E+1	6.516957E-1	3.492580E-3	1.853708E-2	7.056150E+0
1.817200E+4	3.769887E+2	-8.704827E+1	6.380362E-1	3.376957E-3	1.862182E-2	7.020216E+0
1.817600E+4	3.789989E+2	-8.780099E+1	6.041837E-1	3.372047E-3	1.848867E-2	7.007186E+0
1.818000E+4	3.777274E+2	-8.790897E+1	6.491061E-1	2.746915E-3	1.848910E-2	6.983838E+0
1.818400E+4	3.749478E+2	-8.702314E+1	6.614130E-1	2.587723E-3	1.832410E-2	6.870582E+0
1.818800E+4	3.758093E+2	-8.814738E+1	6.185700E-1	2.664893E-3	1.823832E-2	6.854133E+0
1.819200E+4	3.697209E+2	-8.661222E+1	6.451787E-1	2.471377E-3	1.833341E-2	6.778246E+0
1.819600E+4	3.716548E+2	-8.758176E+1	6.772115E-1	2.485114E-3	1.813005E-2	6.738120E+0
1.820000E+4	3.674998E+2	-8.818693E+1	6.572171E-1	2.480795E-3	1.811708E-2	6.658024E+0
1.820400E+4	3.656238E+2	-8.827503E+1	6.725865E-1	2.335474E-3	1.814303E-2	6.633523E+0
1.820800E+4	3.664769E+2	-8.591666E+1	6.410173E-1	2.543392E-3	1.808049E-2	6.626081E+0
1.821200E+4	3.629537E+2	-8.731031E+1	6.294764E-1	2.964999E-3	1.809722E-2	6.568453E+0
1.821600E+4	3.575730E+2	-8.703671E+1	6.352844E-1	3.316026E-3	1.808379E-2	6.466274E+0
1.822000E+4	3.578088E+2	-8.592545E+1	6.896861E-1	3.797649E-3	1.795755E-2	6.425370E+0
1.822400E+4	3.558910E+2	-8.716173E+1	6.816847E-1	4.493202E-3	1.794411E-2	6.386148E+0
1.822800E+4	3.547041E+2	-8.676263E+1	6.821240E-1	5.321013E-3	1.787329E-2	6.339727E+0
1.823200E+4	3.553836E+2	-8.828750E+1	7.092311E-1	6.307248E-3	1.771442E-2	6.295413E+0
1.823600E+4	3.522876E+2	-8.709422E+1	6.897093E-1	6.157450E-3	1.782374E-2	6.279082E+0
1.824000E+4	3.512422E+2	-8.779654E+1	7.209628E-1	8.194061E-3	1.761102E-2	6.185734E+0
1.824400E+4	3.507767E+2	-8.726768E+1	6.636093E-1	9.553557E-3	1.757343E-2	6.164350E+0
1.824800E+4	3.444177E+2	-8.585870E+1	7.056521E-1	1.099152E-2	1.770538E-2	6.098047E+0
1.825200E+4	3.466983E+2	-8.688766E+1	7.238105E-1	1.139184E-2	1.749039E-2	6.063888E+0
1.825600E+4	3.417666E+2	-8.589197E+1	7.003865E-1	1.411552E-2	1.747475E-2	5.972284E+0
1.826000E+4	3.416404E+2	-8.624540E+1	6.919384E-1	1.511204E-2	1.734971E-2	5.927361E+0
1.826400E+4	3.418872E+2	-8.644164E+1	7.158089E-1	1.691869E-2	1.732706E-2	5.923903E+0
1.826800E+4	3.385703E+2	-8.670824E+1	7.076603E-1	1.838516E-2	1.729934E-2	5.857043E+0
1.827200E+4	3.358726E+2	-8.569703E+1	7.472793E-1	1.992633E-2	1.729966E-2	5.810483E+0
1.827600E+4	3.372810E+2	-8.693507E+1	7.380128E-1	2.145355E-2	1.720715E-2	5.803644E+0
1.828000E+4	3.312528E+2	-8.600509E+1	7.507815E-1	2.359695E-2	1.718483E-2	5.692522E+0
1.828400E+4	3.304964E+2	-8.530048E+1	7.371724E-1	2.554728E-2	1.713414E-2	5.662771E+0
1.828800E+4	3.288872E+2	-8.583247E+1	7.437148E-1	2.761569E-2	1.709396E-2	5.621984E+0
1.829200E+4	3.315114E+2	-8.652620E+1	7.446662E-1	3.018956E-2	1.692004E-2	5.609187E+0
1.829600E+4	3.239683E+2	-8.554875E+1	7.705178E-1	3.243166E-2	1.703744E-2	5.519591E+0
1.830000E+4	3.224930E+2	-8.550409E+1	7.457553E-1	3.527366E-2	1.689172E-2	5.447461E+0
1.830400E+4	3.235268E+2	-8.637369E+1	7.299873E-1	3.849973E-2	1.683982E-2	5.448131E+0
1.830800E+4	3.187952E+2	-8.498154E+1	7.670441E-1	4.187372E-2	1.694966E-2	5.403471E+0
1.831200E+4	3.194222E+2	-8.780386E+1	7.754926E-1	4.595035E-2	1.679202E-2	5.363745E+0
1.831600E+4	3.162383E+2	-8.424073E+1	7.621536E-1	4.993876E-2	1.677906E-2	5.306180E+0
1.832000E+4	3.151965E+2	-8.537733E+1	7.739842E-1	5.462322E-2	1.673975E-2	5.276310E+0
1.832400E+4	3.150615E+2	-8.526809E+1	7.631037E-1	5.972371E-2	1.659181E-2	5.227442E+0
1.832800E+4	3.132805E+2	-8.611015E+1	7.628471E-1	6.530476E-2	1.661846E-2	5.206240E+0
1.833200E+4	3.080954E+2	-8.347578E+1	7.829270E-1	7.050626E-2	1.659149E-2	5.111763E+0
1.833600E+4	3.116270E+2	-8.591519E+1	7.777998E-1	7.587599E-2	1.647147E-2	5.132954E+0
1.834000E+4	3.075244E+2	-8.555707E+1	7.889143E-1	7.936517E-2	1.643776E-2	5.055010E+0
1.834400E+4	3.075688E+2	-8.464819E+1	7.785547E-1	8.220048E-2	1.637810E-2	5.037394E+0
1.834800E+4	3.019388E+2	-8.405872E+1	7.720995E-1	8.277121E-2	1.649160E-2	4.979454E+0
1.835200E+4	2.996634E+2	-8.296120E+1	7.668136E-1	8.180015E-2	1.646190E-2	4.933027E+0
1.835600E+4	3.013113E+2	-8.604176E+1	7.371342E-1	7.916859E-2	1.643130E-2	4.950936E+0
1.836000E+4	2.975645E+2	-8.402783E+1	7.414398E-1	7.560384E-2	1.625055E-2	4.835588E+0
1.836400E+4	2.954347E+2	-8.400752E+1	7.368880E-1	7.122093E-2	1.632127E-2	4.821870E+0
1.836800E+4	2.956917E+2	-8.420382E+1	7.434821E-1	6.666497E-2	1.604381E-2	4.744023E+0
1.837200E+4	2.918040E+2	-8.493960E+1	7.819248E-1	6.200722E-2	1.617254E-2	4.719210E+0
1.837600E+4	2.892906E+2	-8.416244E+1	7.483151E-1	5.784800E-2	1.609073E-2	4.654899E+0
1.838000E+4	2.862105E+2	-8.401748E+1	7.646193E-1	5.427928E-2	1.598682E-2	4.575595E+0
1.838400E+4	2.834116E+2	-8.448455E+1	7.801266E-1	5.091758E-2	1.603600E-2	4.544788E+0
1.838800E+4	2.804561E+2	-8.462842E+1	7.513370E-1	4.839903E-2	1.600755E-2	4.489415E+0
1.839200E+4	2.754028E+2	-8.441306E+1	7.604767E-1	4.555355E-2	1.595840E-2	4.394989E+0
1.839600E+4	2.740971E+2	-8.319567E+1	7.563221E-1	4.360034E-2	1.583506E-2	4.340344E+0
1.840000E+4	2.744639E+2	-8.483829E+1	7.988959E-1	4.126096E-2	1.567290E-2	4.301645E+0
1.840400E+4	2.713289E+2	-8.461372E+1	8.047122E-1	3.930604E-2	1.572363E-2	4.266275E+0
1.840800E+4	2.654391E+2	-8.462994E+1	7.784225E-1	3.786924E-2	1.568626E-2	4.163748E+0
1.841200E+4	2.637642E+2	-8.424358E+1	8.347684E-1	3.645997E-2	1.560651E-2	4.116439E+0
1.841600E+4	2.605670E+2	-8.380386E+1	8.328576E-1	3.500985E-2	1.555064E-2	4.051983E+0
1.842000E+4	2.575690E+2	-8.404222E+1	8.180698E-1	3.377428E-2	1.555896E-2	4.007506E+0
1.842400E+4	2.573419E+2	-8.380730E+1	7.993683E-1	3.291478E-2	1.540584E-2	3.964568E+0
1.842800E+4	2.529271E+2	-8.534761E+1	8.165593E-1	3.199136E-2	1.530771E-2	3.871736E+0
1.843200E+4	2.489128E+2	-8.219274E+1	8.241756E-1	3.093174E-2	1.531926E-2	3.813160E+0
1.843600E+4	2.491176E+2	-8.204709E+1	8.688424E-1	3.006713E-2	1.526696E-2	3.803269E+0
1.844000E+4	2.435418E+2	-8.545129E+1	8.305453E-1	2.938909E-2	1.522067E-2	3.706868E+0
1.844400E+4	2.421368E+2	-8.395210E+1	8.575652E-1	2.847465E-2	1.502657E-2	3.638485E+0
1.844800E+4	2.386046E+2	-8.256905E+1	8.867583E-1	2.786853E-2	1.497454E-2	3.572995E+0
1.845200E+4	2.357213E+2	-8.358363E+1	8.344213E-1	2.758273E-2	1.494987E-2	3.524004E+0
1.845600E+4	2.346133E+2	-8.425592E+1	8.702140E-1	2.673772E-2	1.493619E-2	3.504228E+0
1.846000E+4	2.330842E+2	-8.135240E+1	8.746809E-1	2.647285E-2	1.479122E-2	3.447599E+0
1.846400E+4	2.300661E+2	-8.271320E+1	8.635262E-1	2.572427E-2	1.469762E-2	3.381424E+0
1.846800E+4	2.200716E+2	-8.147092E+1	8.516936E-1	2.537726E-2	1.482476E-2	3.262510E+0
1.847200E+4	2.229182E+2	-8.124696E+1	9.124218E-1	2.470336E-2	1.464257E-2	3.264095E+0
1.847600E+4	2.190338E+2	-8.144976E+1	9.146901E-1	2.464658E-2	1.457973E-2	3.193455E+0
1.848000E+4	2.138298E+2	-8.049457E+1	9.113097E-1	2.431250E-2	1.460833E-2	3.123696E+0
1.848400E+4	2.077004E+2	-8.085040E+1	9.021198E-1	2.409833E-2	1.454500E-2	3.021003E+0
1.848800E+4	2.077722E+2	-8.064330E+1	8.811964E-1	2.363601E-2	1.450819E-2	3.014399E+0
1.849200E+4	2.022548E+2	-8.035378E+1	9.374643E-1	2.319937E-2	1.434705E-2	2.901759E+0
1.849600E+4	2.017726E+2	-8.358731E+1	9.566969E-1	2.294018E-2	1.427374E-2	2.880049E+0
1.850000E+4	1.941367E+2	-7.926333E+1	9.513323E-1	2.290265E-2	1.432001E-2	2.780039E+0
1.850400E+4	1.937442E+2	-7.923513E+1	9.290305E-1	2.271112E-2	1.420615E-2	2.752359E+0
1.850800E+4	1.884683E+2	-7.899044E+1	9.802787E-1	2.226169E-2	1.413201E-2	2.663436E+0
1.851200E+4	1.879406E+2	-7.917506E+1	9.924198E-1	2.193399E-2	1.396153E-2	2.623939E+0
1.851600E+4	1.801651E+2	-7.701506E+1	9.480605E-1	2.218267E-2	1.392801E-2	2.509341E+0
1.852000E+4	1.753204E+2	-7.837551E+1	9.555113E-1	2.186874E-2	1.400711E-2	2.455732E+0
1.852400E+4	1.717630E+2	-7.676642E+1	1.005130E+0	2.164356E-2	1.383361E-2	2.376102E+0
1.852800E+4	1.729421E+2	-7.143969E+1	9.784287E-1	2.178733E-2	1.377190E-2	2.381741E+0
1.853200E+4	1.680172E+2	-7.718482E+1	9.669124E-1	2.135628E-2	1.369460E-2	2.300929E+0
1.853600E+4	1.608851E+2	-7.516653E+1	1.012678E+0	2.114405E-2	1.369243E-2	2.202909E+0
1.854000E+4	1.580066E+2	-7.548271E+1	1.015765E+0	2.119294E-2	1.348516E-2	2.130744E+0
1.854400E+4	1.505233E+2	-7.373512E+1	1.014497E+0	2.122689E-2	1.360197E-2	2.047414E+0
1.854800E+4	1.508870E+2	-7.485853E+1	9.933446E-1	2.121994E-2	1.333161E-2	2.011567E+0
1.855200E+4	1.406087E+2	-7.306965E+1	1.074399E+0	2.085193E-2	1.334481E-2	1.876397E+0
1.855600E+4	1.379313E+2	-6.906130E+1	1.035520E+0	2.087758E-2	1.327064E-2	1.830436E+0
1.856000E+4	1.348666E+2	-6.962498E+1	1.065996E+0	2.079003E-2	1.311489E-2	1.768760E+0
1.856400E+4	1.337717E+2	-6.928645E+1	1.053290E+0	2.071017E-2	1.308060E-2	1.749814E+0
1.856800E+4	1.287247E+2	-7.000107E+1	1.099796E+0	2.061933E-2	1.304151E-2	1.678765E+0
1.857200E+4	1.201510E+2	-6.843365E+1	1.106058E+0	2.036388E-2	1.292891E-2	1.553422E+0
1.857600E+4	1.183203E+2	-6.592729E+1	1.080536E+0	2.014986E-2	1.299610E-2	1.537702E+0
1.858000E+4	1.174531E+2	-6.498009E+1	1.102790E+0	1.966956E-2	1.274668E-2	1.497137E+0
1.858400E+4	1.135435E+2	-6.144251E+1	1.145984E+0	1.976932E-2	1.284721E-2	1.458717E+0
1.858800E+4	1.078772E+2	-6.485731E+1	1.146265E+0	1.981866E-2	1.276513E-2	1.377066E+0
1.859200E+4	1.034009E+2	-6.315159E+1	1.133990E+0	1.980834E-2	1.266011E-2	1.309066E+0
1.859600E+4	9.484264E+1	-5.292091E+1	1.125658E+0	1.993162E-2	1.264826E-2	1.199595E+0
1.860000E+4	9.366265E+1	-5.701917E+1	1.162007E+0	1.980501E-2	1.241477E-2	1.162800E+0
1.860400E+4	8.522163E+1	-5.107681E+1	1.142218E+0	1.997109E-2	1.245606E-2	1.061526E+0
1.860800E+4	8.487554E+1	-5.130085E+1	1.217643E+0	2.011424E-2	1.235894E-2	1.048972E+0
1.861200E+4	8.054675E+1	-5.265845E+1	1.202526E+0	2.012024E-2	1.227953E-2	9.890766E-1
1.861600E+4	7.365193E+1	-3.738460E+1	1.203299E+0	2.029489E-2	1.228052E-2	9.044840E-1
1.862000E+4	7.028323E+1	-5.344067E+1	1.206472E+0	2.053939E-2	1.221613E-2	8.585888E-1
1.862400E+4	6.775786E+1	-3.247204E+1	1.276313E+0	2.048695E-2	1.208931E-2	8.191459E-1
1.862800E+4	6.450419E+1	-2.903736E+1	1.283106E+0	2.059775E-2	1.189555E-2	7.673131E-1
1.863200E+4	6.454354E+1	-2.206882E+1	1.297065E+0	2.121918E-2	1.191522E-2	7.690505E-1
1.863600E+4	6.165569E+1	-8.845834E+0	1.313523E+0	2.103983E-2	1.166108E-2	7.189719E-1
1.864000E+4	6.346385E+1	-1.771965E+0	1.336550E+0	2.122209E-2	1.161991E-2	7.374441E-1
1.864400E+4	6.248392E+1	-3.741764E+0	1.319134E+0	2.134804E-2	1.168706E-2	7.302532E-1
1.864800E+4	6.258419E+1	1.301443E+0	1.367939E+0	2.193419E-2	1.161540E-2	7.269406E-1
1.865200E+4	6.511351E+1	1.907082E+1	1.400007E+0	2.193471E-2	1.142972E-2	7.442293E-1
1.865600E+4	6.987303E+1	1.753728E+1	1.404737E+0	2.226228E-2	1.126113E-2	7.868492E-1
1.866000E+4	7.406734E+1	2.549879E+1	1.427338E+0	2.235529E-2	1.136999E-2	8.421453E-1
1.866400E+4	7.617725E+1	2.036201E+1	1.505134E+0	2.257601E-2	1.132295E-2	8.625512E-1
1.866800E+4	8.384112E+1	4.389320E+1	1.492236E+0	2.297791E-2	1.104706E-2	9.261978E-1
1.867200E+4	9.260882E+1	2.978456E+1	1.530314E+0	2.315766E-2	1.103782E-2	1.022200E+0
1.867600E+4	9.935896E+1	4.432394E+1	1.602693E+0	2.399536E-2	1.094476E-2	1.087460E+0
1.868000E+4	1.071165E+2	5.029332E+1	1.618608E+0	2.419799E-2	1.068866E-2	1.144932E+0
1.868400E+4	1.186246E+2	5.194879E+1	1.691603E+0	2.495773E-2	1.073207E-2	1.273088E+0
1.868800E+4	1.284370E+2	5.199559E+1	1.758564E+0	2.528695E-2	1.063646E-2	1.366115E+0
1.869200E+4	1.386142E+2	5.517677E+1	1.830706E+0	2.588237E-2	1.039586E-2	1.441013E+0
1.869600E+4	1.529038E+2	5.553242E+1	1.899775E+0	2.669911E-2	1.028315E-2	1.572332E+0
1.870000E+4	1.620238E+2	6.746861E+1	2.003619E+0	2.738681E-2	1.018049E-2	1.649483E+0
1.870400E+4	1.789787E+2	6.383846E+1	2.064353E+0	2.875263E-2	1.017318E-2	1.820782E+0
1.870800E+4	1.976271E+2	6.091976E+1	2.167724E+0	2.969364E-2	1.002032E-2	1.980286E+0
1.871200E+4	2.134884E+2	6.470297E+1	2.349549E+0	3.098862E-2	9.827653E-3	2.098090E+0
1.871600E+4	2.341630E+2	6.325201E+1	2.485737E+0	3.203462E-2	9.601874E-3	2.248404E+0
1.872000E+4	2.581299E+2	6.392117E+1	2.615768E+0	3.306717E-2	9.493238E-3	2.450489E+0
1.872400E+4	2.782469E+2	6.164444E+1	2.708513E+0	3.387495E-2	9.394092E-3	2.613877E+0
1.872800E+4	2.999099E+2	5.919001E+1	2.812261E+0	3.330012E-2	9.301882E-3	2.789726E+0
1.873200E+4	3.173951E+2	5.627610E+1	2.784341E+0	3.143983E-2	9.090536E-3	2.885292E+0
1.873600E+4	3.204588E+2	5.356123E+1	2.572698E+0	2.790501E-2	9.223043E-3	2.955605E+0
1.874000E+4	3.231663E+2	5.003692E+1	2.312885E+0	2.384338E-2	9.259198E-3	2.992260E+0
1.874400E+4	3.285797E+2	5.191623E+1	2.106222E+0	1.980227E-2	9.173026E-3	3.014070E+0
1.874800E+4	3.257701E+2	5.339021E+1	1.845469E+0	1.669439E-2	9.170709E-3	2.987543E+0
1.875200E+4	3.385265E+2	5.509692E+1	1.671266E+0	1.456144E-2	8.996950E-3	3.045706E+0
1.875600E+4	3.436034E+2	5.700365E+1	1.548541E+0	1.353029E-2	8.923163E-3	3.066029E+0
1.876000E+4	3.568948E+2	5.985876E+1	1.464095E+0	1.270244E-2	8.961868E-3	3.198444E+0
1.876400E+4	3.733304E+2	5.680243E+1	1.351329E+0	1.266176E-2	8.813929E-3	3.290508E+0
1.876800E+4	3.874507E+2	5.694379E+1	1.339805E+0	1.208264E-2	8.711797E-3	3.375392E+0
1.877200E+4	4.057577E+2	6.019005E+1	1.292275E+0	1.239656E-2	8.511668E-3	3.453675E+0
1.877600E+4	4.190731E+2	6.083353E+1	1.267038E+0	1.236994E-2	8.457292E-3	3.544223E+0
1.878000E+4	4.309080E+2	6.170853E+1	1.257517E+0	1.264446E-2	8.494357E-3	3.660286E+0
1.878400E+4	4.616222E+2	6.288755E+1	1.322676E+0	1.288900E-2	8.271651E-3	3.818378E+0
1.878800E+4	4.831237E+2	6.160618E+1	1.313406E+0	1.303416E-2	8.112637E-3	3.919408E+0
1.879200E+4	4.955829E+2	6.404596E+1	1.311166E+0	1.355166E-2	8.187103E-3	4.057388E+0
1.879600E+4	5.146309E+2	6.335800E+1	1.336875E+0	1.396038E-2	8.049488E-3	4.142515E+0
1.880000E+4	5.503863E+2	6.367677E+1	1.313230E+0	1.460885E-2	7.817784E-3	4.302801E+0
1.880400E+4	5.754062E+2	6.395351E+1	1.323236E+0	1.485086E-2	7.755038E-3	4.462297E+0
1.880800E+4	5.946619E+2	6.308617E+1	1.342326E+0	1.500667E-2	7.642489E-3	4.544697E+0
1.881200E+4	6.398271E+2	6.431888E+1	1.385048E+0	1.536123E-2	7.355237E-3	4.706080E+0
1.881600E+4	6.531440E+2	6.548585E+1	1.403647E+0	1.550010E-2	7.428930E-3	4.852161E+0
1.882000E+4	6.934849E+2	6.298270E+1	1.443675E+0	1.604524E-2	7.160386E-3	4.965620E+0
1.882400E+4	7.210765E+2	6.745921E+1	1.439958E+0	1.602821E-2	7.082053E-3	5.106701E+0
1.882800E+4	7.580751E+2	6.595463E+1	1.443299E+0	1.616996E-2	6.967272E-3	5.281715E+0
1.883200E+4	8.102902E+2	6.356826E+1	1.468118E+0	1.598338E-2	6.702356E-3	5.430853E+0
1.883600E+4	8.314355E+2	6.299856E+1	1.514686E+0	1.604471E-2	6.714181E-3	5.582407E+0
1.884000E+4	8.749395E+2	6.350847E+1	1.524762E+0	1.583414E-2	6.544082E-3	5.725676E+0
1.884400E+4	9.126764E+2	6.336802E+1	1.549721E+0	1.500930E-2	6.426565E-3	5.865375E+0
1.884800E+4	9.771939E+2	6.037445E+1	1.548597E+0	1.460446E-2	6.167161E-3	6.026513E+0
1.885200E+4	1.011683E+3	6.118003E+1	1.575140E+0	1.387553E-2	6.080386E-3	6.151422E+0
1.885600E+4	1.025521E+3	5.873366E+1	1.604847E+0	1.279351E-2	6.121512E-3	6.277742E+0
1.886000E+4	1.077662E+3	5.979700E+1	1.637135E+0	1.225855E-2	5.954126E-3	6.416535E+0
1.886400E+4	1.139149E+3	5.990216E+1	1.636641E+0	1.263361E-2	5.781918E-3	6.586465E+0
1.886800E+4	1.178137E+3	6.162462E+1	1.625964E+0	1.355597E-2	5.662913E-3	6.671689E+0
1.887200E+4	1.249592E+3	5.990680E+1	1.629302E+0	1.511858E-2	5.445036E-3	6.804074E+0
1.887600E+4	1.268527E+3	5.626602E+1	1.626441E+0	1.631135E-2	5.475426E-3	6.945726E+0
1.888000E+4	1.322939E+3	6.052161E+1	1.672408E+0	1.776287E-2	5.356579E-3	7.086427E+0
1.888400E+4	1.429902E+3	5.909712E+1	1.698985E+0	1.899200E-2	5.089819E-3	7.277944E+0
1.888800E+4	1.484654E+3	6.233195E+1	1.710043E+0	1.973190E-2	5.025713E-3	7.461445E+0
1.889200E+4	1.606808E+3	5.873206E+1	1.751139E+0	2.029985E-2	4.772525E-3	7.668531E+0
1.889600E+4	1.719479E+3	5.745578E+1	1.747163E+0	2.089700E-2	4.571827E-3	7.861158E+0
1.890000E+4	1.799694E+3	5.983001E+1	1.806078E+0	2.136865E-2	4.484336E-3	8.070434E+0
1.890400E+4	1.898612E+3	5.651523E+1	1.801283E+0	2.190363E-2	4.351425E-3	8.261665E+0
1.890800E+4	1.990556E+3	5.627266E+1	1.841947E+0	2.215939E-2	4.250838E-3	8.461531E+0
1.891200E+4	2.213412E+3	5.721104E+1	1.847209E+0	2.250993E-2	3.925988E-3	8.689829E+0
1.891600E+4	2.334545E+3	5.144036E+1	1.906226E+0	2.258439E-2	3.808819E-3	8.891858E+0
1.892000E+4	2.475663E+3	5.171942E+1	1.945662E+0	2.277126E-2	3.680175E-3	9.110875E+0
1.892400E+4	2.706849E+3	5.346381E+1	1.974294E+0	2.309018E-2	3.459135E-3	9.363358E+0
1.892800E+4	2.854789E+3	4.841806E+1	1.991680E+0	2.351989E-2	3.358222E-3	9.587013E+0
1.893200E+4	3.187464E+3	4.672299E+1	2.050189E+0	2.361838E-2	3.080153E-3	9.817876E+0
1.893600E+4	3.393729E+3	4.424515E+1	2.037463E+0	2.445758E-2	2.956045E-3	1.003201E+1
1.894000E+4	3.539715E+3	3.885764E+1	2.075378E+0	2.461375E-2	2.918761E-3	1.033158E+1
1.894400E+4	3.988605E+3	3.542942E+1	2.114585E+0	2.538180E-2	2.651759E-3	1.057682E+1
1.894800E+4	4.023232E+3	3.335274E+1	2.139704E+0	2.582055E-2	2.680141E-3	1.078283E+1
1.895200E+4	4.544820E+3	2.970692E+1	2.195211E+0	2.643051E-2	2.440271E-3	1.109059E+1
1.895600E+4	4.753753E+3	2.686265E+1	2.237059E+0	2.687402E-2	2.389939E-3	1.136118E+1
1.896000E+4	4.915925E+3	2.071490E+1	2.293660E+0	2.773780E-2	2.363625E-3	1.161940E+1
1.896400E+4	5.456670E+3	1.463162E+1	2.324785E+0	2.873867E-2	2.189067E-3	1.194502E+1
1.896800E+4	5.725705E+3	5.670428E+0	2.359385E+0	2.995765E-2	2.143940E-3	1.227557E+1
1.897200E+4	6.111151E+3	-2.892945E+0	2.418334E+0	3.078638E-2	2.061281E-3	1.259680E+1
1.897600E+4	6.032430E+3	-6.575983E+0	2.460244E+0	3.229350E-2	2.127261E-3	1.283255E+1
1.898000E+4	5.899912E+3	-1.001768E+1	2.510910E+0	3.325918E-2	2.237399E-3	1.320045E+1
1.898400E+4	6.000528E+3	-1.983045E+1	2.517447E+0	3.444075E-2	2.259403E-3	1.355761E+1
1.898800E+4	5.588489E+3	-2.480012E+1	2.583263E+0	3.603964E-2	2.491149E-3	1.392176E+1
1.899200E+4	5.458676E+3	-2.614899E+1	2.604130E+0	3.725917E-2	2.617344E-3	1.428723E+1
1.899600E+4	5.398255E+3	-3.467779E+1	2.703797E+0	3.907557E-2	2.710493E-3	1.463193E+1
1.900000E+4	5.125502E+3	-4.326132E+1	2.728741E+0	4.038261E-2	2.914248E-3	1.493699E+1
1.900400E+4	5.007525E+3	-4.494104E+1	2.753679E+0	4.195818E-2	3.089319E-3	1.546984E+1
1.900800E+4	4.803101E+3	-4.608219E+1	2.812063E+0	4.334124E-2	3.301653E-3	1.585817E+1
1.901200E+4	4.468466E+3	-5.141609E+1	2.842801E+0	4.518529E-2	3.631552E-3	1.622747E+1
1.901600E+4	4.309736E+3	-5.428133E+1	2.937608E+0	4.714746E-2	3.851672E-3	1.659969E+1
1.902000E+4	4.014139E+3	-5.723955E+1	2.980766E+0	4.832276E-2	4.223068E-3	1.695198E+1
1.902400E+4	3.887150E+3	-5.947303E+1	3.018237E+0	5.013579E-2	4.464717E-3	1.735502E+1
1.902800E+4	3.821690E+3	-5.885450E+1	3.017346E+0	5.166689E-2	4.640108E-3	1.773305E+1
1.903200E+4	3.547894E+3	-6.149236E+1	3.110476E+0	5.311084E-2	5.106748E-3	1.811820E+1
1.903600E+4	3.462411E+3	-6.458052E+1	3.161553E+0	5.450729E-2	5.341143E-3	1.849323E+1
1.904000E+4	3.296077E+3	-6.705109E+1	3.214759E+0	5.646227E-2	5.744889E-3	1.893560E+1
1.904400E+4	3.245325E+3	-6.869080E+1	3.233527E+0	5.774532E-2	5.963236E-3	1.935264E+1
1.904800E+4	3.104210E+3	-7.082777E+1	3.321237E+0	5.976481E-2	6.373572E-3	1.978491E+1
1.905200E+4	2.965814E+3	-7.050428E+1	3.370387E+0	6.151274E-2	6.813602E-3	2.020788E+1
1.905600E+4	2.839243E+3	-7.061319E+1	3.428982E+0	6.313480E-2	7.270196E-3	2.064186E+1
1.906000E+4	2.791697E+3	-7.246609E+1	3.490092E+0	6.465068E-2	7.576685E-3	2.115181E+1
1.906400E+4	2.685816E+3	-7.322451E+1	3.534691E+0	6.597026E-2	8.038722E-3	2.159053E+1
1.906800E+4	2.586250E+3	-7.500404E+1	3.577457E+0	6.728391E-2	8.509669E-3	2.200813E+1
1.907200E+4	2.546940E+3	-7.475604E+1	3.649274E+0	6.862348E-2	8.821059E-3	2.246671E+1
1.907600E+4	2.447204E+3	-7.596970E+1	3.720641E+0	7.018607E-2	9.390143E-3	2.297959E+1
1.908000E+4	2.384742E+3	-7.662357E+1	3.801469E+0	7.184486E-2	9.829478E-3	2.344077E+1
1.908400E+4	2.307754E+3	-7.730401E+1	3.864865E+0	7.300891E-2	1.036893E-2	2.392895E+1
1.908800E+4	2.249016E+3	-7.685666E+1	3.964827E+0	7.416467E-2	1.087623E-2	2.446081E+1
1.909200E+4	2.229925E+3	-7.778638E+1	3.980015E+0	7.555778E-2	1.121800E-2	2.501530E+1
1.909600E+4	2.165710E+3	-7.839088E+1	4.118682E+0	7.739402E-2	1.176680E-2	2.548347E+1
1.910000E+4	2.106648E+3	-7.876311E+1	4.138151E+0	7.886181E-2	1.235204E-2	2.602140E+1
1.910400E+4	2.087476E+3	-7.939502E+1	4.225132E+0	8.003039E-2	1.273200E-2	2.657774E+1
1.910800E+4	2.010919E+3	-7.925088E+1	4.336257E+0	8.192744E-2	1.349767E-2	2.714272E+1
1.911200E+4	1.991498E+3	-8.091021E+1	4.367865E+0	8.335259E-2	1.389281E-2	2.766751E+1
1.911600E+4	1.939547E+3	-8.082796E+1	4.455375E+0	8.460715E-2	1.456088E-2	2.824150E+1
1.912000E+4	1.909044E+3	-8.040215E+1	4.544638E+0	8.636195E-2	1.513570E-2	2.889472E+1
1.912400E+4	1.867020E+3	-8.136177E+1	4.598627E+0	8.785238E-2	1.578032E-2	2.946218E+1
1.912800E+4	1.831044E+3	-8.089645E+1	4.700288E+0	9.022413E-2	1.635921E-2	2.995443E+1
1.913200E+4	1.820594E+3	-8.239229E+1	4.791363E+0	9.177018E-2	1.683416E-2	3.064816E+1
1.913600E+4	1.790018E+3	-8.148316E+1	4.891993E+0	9.263030E-2	1.749813E-2	3.132198E+1
1.914000E+4	1.753359E+3	-8.234566E+1	4.984380E+0	9.423247E-2	1.822868E-2	3.196142E+1
1.914400E+4	1.727633E+3	-8.261061E+1	5.043744E+0	9.641546E-2	1.891804E-2	3.268344E+1
1.914800E+4	1.695711E+3	-8.252793E+1	5.132762E+0	9.777128E-2	1.964265E-2	3.330825E+1
1.915200E+4	1.674862E+3	-8.267208E+1	5.231504E+0	9.920570E-2	2.028237E-2	3.397017E+1
1.915600E+4	1.645297E+3	-8.329188E+1	5.348574E+0	1.018038E-1	2.100014E-2	3.455147E+1
1.916000E+4	1.625646E+3	-8.326005E+1	5.440103E+0	1.036319E-1	2.168849E-2	3.525780E+1
1.916400E+4	1.616469E+3	-8.372679E+1	5.560063E+0	1.058920E-1	2.224123E-2	3.595226E+1
1.916800E+4	1.584141E+3	-8.419188E+1	5.646605E+0	1.072436E-1	2.311852E-2	3.662299E+1
1.917200E+4	1.567216E+3	-8.311854E+1	5.716974E+0	1.091767E-1	2.377381E-2	3.725870E+1
1.917600E+4	1.547465E+3	-8.458993E+1	5.810128E+0	1.112688E-1	2.456710E-2	3.801673E+1
1.918000E+4	1.528854E+3	-8.380984E+1	5.963608E+0	1.132063E-1	2.530726E-2	3.869110E+1
1.918400E+4	1.508484E+3	-8.365887E+1	6.036714E+0	1.151689E-1	2.614493E-2	3.943922E+1
1.918800E+4	1.490090E+3	-8.486929E+1	6.140251E+0	1.167330E-1	2.691951E-2	4.011250E+1
1.919200E+4	1.476697E+3	-8.474523E+1	6.254085E+0	1.191130E-1	2.768782E-2	4.088652E+1
1.919600E+4	1.464171E+3	-8.434338E+1	6.389241E+0	1.209582E-1	2.845722E-2	4.166625E+1
1.920000E+4	1.436150E+3	-8.513897E+1	6.503890E+0	1.223988E-1	2.957080E-2	4.246811E+1
1.920400E+4	1.424312E+3	-8.510512E+1	6.646288E+0	1.246557E-1	3.030824E-2	4.316838E+1
1.920800E+4	1.407992E+3	-8.565391E+1	6.765594E+0	1.259554E-1	3.123003E-2	4.397163E+1
1.921200E+4	1.389679E+3	-8.561868E+1	6.866060E+0	1.270850E-1	3.223113E-2	4.479092E+1
1.921600E+4	1.377697E+3	-8.546828E+1	7.016004E+0	1.282806E-1	3.307729E-2	4.557049E+1
1.922000E+4	1.362748E+3	-8.576160E+1	7.153514E+0	1.293950E-1	3.398307E-2	4.631036E+1
1.922400E+4	1.345010E+3	-8.531825E+1	7.247411E+0	1.311398E-1	3.501099E-2	4.709013E+1
1.922800E+4	1.337257E+3	-8.655902E+1	7.379822E+0	1.321875E-1	3.578039E-2	4.784757E+1
1.923200E+4	1.327331E+3	-8.644434E+1	7.496950E+0	1.336435E-1	3.659801E-2	4.857767E+1
1.923600E+4	1.317753E+3	-8.621339E+1	7.631578E+0	1.354500E-1	3.739588E-2	4.927854E+1
1.924000E+4	1.298017E+3	-8.613068E+1	7.754631E+0	1.357312E-1	3.853538E-2	5.001958E+1
1.924400E+4	1.287732E+3	-8.609401E+1	7.884368E+0	1.372036E-1	3.935487E-2	5.067852E+1
1.924800E+4	1.281288E+3	-8.659959E+1	7.946327E+0	1.385492E-1	4.007646E-2	5.134948E+1
1.925200E+4	1.270486E+3	-8.655786E+1	8.113472E+0	1.389429E-1	4.088605E-2	5.194514E+1
1.925600E+4	1.260244E+3	-8.637725E+1	8.200724E+0	1.373085E-1	4.169501E-2	5.254589E+1
1.926000E+4	1.251769E+3	-8.649601E+1	8.294340E+0	1.372659E-1	4.241303E-2	5.309131E+1
1.926400E+4	1.241416E+3	-8.669420E+1	8.406295E+0	1.382648E-1	4.315452E-2	5.357270E+1
1.926800E+4	1.229991E+3	-8.650263E+1	8.489836E+0	1.394879E-1	4.392446E-2	5.402667E+1
1.927200E+4	1.220764E+3	-8.682016E+1	8.577941E+0	1.404562E-1	4.460136E-2	5.444772E+1
1.927600E+4	1.212008E+3	-8.673421E+1	8.664566E+0	1.409470E-1	4.524463E-2	5.483686E+1
1.928000E+4	1.201547E+3	-8.681615E+1	8.710237E+0	1.415131E-1	4.596420E-2	5.522816E+1
1.928400E+4	1.196842E+3	-8.701590E+1	8.767403E+0	1.407977E-1	4.642176E-2	5.555953E+1
1.928800E+4	1.187912E+3	-8.678023E+1	8.846484E+0	1.401449E-1	4.696878E-2	5.579477E+1
1.929200E+4	1.181698E+3	-8.725993E+1	8.903896E+0	1.400574E-1	4.743041E-2	5.604844E+1
1.929600E+4	1.169553E+3	-8.684137E+1	8.977708E+0	1.405036E-1	4.802494E-2	5.616772E+1
1.930000E+4	1.165182E+3	-8.718153E+1	9.035758E+0	1.405032E-1	4.829388E-2	5.627115E+1
1.930400E+4	1.158659E+3	-8.744765E+1	9.017648E+0	1.406918E-1	4.869314E-2	5.641872E+1
1.930800E+4	1.147818E+3	-8.549479E+1	9.054995E+0	1.398998E-1	4.919621E-2	5.646828E+1
1.931200E+4	1.140588E+3	-8.780585E+1	9.096311E+0	1.386636E-1	4.937908E-2	5.632117E+1
1.931600E+4	1.130788E+3	-8.691239E+1	9.150449E+0	1.396169E-1	4.975619E-2	5.626372E+1
1.932000E+4	1.123929E+3	-8.784298E+1	9.140919E+0	1.400397E-1	4.996848E-2	5.616102E+1
1.932400E+4	1.119180E+3	-8.877864E+1	9.133379E+0	1.397488E-1	5.007770E-2	5.604597E+1
1.932800E+4	1.110394E+3	-8.755807E+1	9.182815E+0	1.387784E-1	5.029584E-2	5.584821E+1
1.933200E+4	1.106281E+3	-8.748814E+1	9.175175E+0	1.382914E-1	5.032643E-2	5.567517E+1
1.933600E+4	1.095366E+3	-8.660845E+1	9.146114E+0	1.380230E-1	5.056424E-2	5.538634E+1
1.934000E+4	1.093846E+3	-8.777177E+1	9.158036E+0	1.375769E-1	5.039196E-2	5.512102E+1
1.934400E+4	1.086580E+3	-8.760915E+1	9.136559E+0	1.360611E-1	5.053338E-2	5.490855E+1
1.934800E+4	1.083392E+3	-8.739209E+1	9.087150E+0	1.357501E-1	5.042080E-2	5.462550E+1
1.935200E+4	1.078429E+3	-8.834425E+1	9.097548E+0	1.352648E-1	5.034373E-2	5.429216E+1
1.935600E+4	1.072919E+3	-8.744155E+1	9.069457E+0	1.340811E-1	5.030176E-2	5.396969E+1
1.936000E+4	1.066971E+3	-8.753829E+1	9.051433E+0	1.329079E-1	5.017107E-2	5.353109E+1
1.936400E+4	1.056410E+3	-8.794917E+1	9.009426E+0	1.318221E-1	5.012160E-2	5.294897E+1
1.936800E+4	1.052240E+3	-8.700604E+1	8.990293E+0	1.306589E-1	5.004520E-2	5.265955E+1
1.937200E+4	1.046594E+3	-8.778747E+1	8.915911E+0	1.293789E-1	4.988347E-2	5.220773E+1
1.937600E+4	1.038519E+3	-8.788963E+1	8.913748E+0	1.280357E-1	4.976314E-2	5.167998E+1
1.938000E+4	1.037199E+3	-8.764795E+1	8.837039E+0	1.261402E-1	4.946101E-2	5.130090E+1
1.938400E+4	1.032887E+3	-8.707752E+1	8.796304E+0	1.249577E-1	4.924769E-2	5.086729E+1
1.938800E+4	1.027084E+3	-8.678528E+1	8.772264E+0	1.236022E-1	4.896209E-2	5.028819E+1
1.939200E+4	1.023969E+3	-8.973692E+1	8.729025E+0	1.220814E-1	4.858157E-2	4.974604E+1
1.939600E+4	1.018173E+3	-8.766790E+1	8.682545E+0	1.209662E-1	4.847639E-2	4.935736E+1
1.940000E+4	1.014016E+3	-8.763963E+1	8.607344E+0	1.200229E-1	4.820481E-2	4.888042E+1
1.940400E+4	1.010939E+3	-8.772208E+1	8.575646E+0	1.186842E-1	4.784936E-2	4.837279E+1
1.940800E+4	1.003413E+3	-8.766586E+1	8.552323E+0	1.168742E-1	4.765772E-2	4.782038E+1
1.941200E+4	9.974910E+2	-8.802660E+1	8.497672E+0	1.155539E-1	4.742079E-2	4.730182E+1
1.941600E+4	9.967308E+2	-8.797683E+1	8.427466E+0	1.140811E-1	4.695658E-2	4.680306E+1
1.942000E+4	9.894803E+2	-8.763535E+1	8.430726E+0	1.128209E-1	4.678350E-2	4.629136E+1
1.942400E+4	9.871359E+2	-8.770434E+1	8.341338E+0	1.113232E-1	4.640079E-2	4.580389E+1
1.942800E+4	9.831786E+2	-8.787418E+1	8.324579E+0	1.098087E-1	4.603805E-2	4.526363E+1
1.943200E+4	9.755375E+2	-8.778555E+1	8.259830E+0	1.084756E-1	4.585587E-2	4.473413E+1
1.943600E+4	9.733021E+2	-8.789958E+1	8.219408E+0	1.066439E-1	4.547431E-2	4.426024E+1
1.944000E+4	9.696761E+2	-8.736124E+1	8.217361E+0	1.058099E-1	4.510319E-2	4.373549E+1
1.944400E+4	9.614574E+2	-8.795290E+1	8.158868E+0	1.048564E-1	4.494907E-2	4.321662E+1
1.944800E+4	9.586158E+2	-8.775778E+1	8.093300E+0	1.028896E-1	4.453884E-2	4.269564E+1
1.945200E+4	9.575666E+2	-8.769193E+1	8.045169E+0	1.016061E-1	4.409353E-2	4.222249E+1
1.945600E+4	9.515054E+2	-8.662287E+1	8.049280E+0	1.005510E-1	4.394851E-2	4.181724E+1
1.946000E+4	9.478210E+2	-8.735509E+1	8.007262E+0	9.971835E-2	4.353385E-2	4.126230E+1
1.946400E+4	9.433099E+2	-8.792691E+1	7.936653E+0	9.834215E-2	4.321772E-2	4.076771E+1
1.946800E+4	9.402567E+2	-8.828772E+1	7.890803E+0	9.666973E-2	4.289448E-2	4.033182E+1
1.947200E+4	9.348304E+2	-8.848758E+1	7.895019E+0	9.561276E-2	4.261084E-2	3.983390E+1
1.947600E+4	9.294842E+2	-8.803855E+1	7.813262E+0	9.433519E-2	4.234663E-2	3.936052E+1
1.948000E+4	9.259425E+2	-8.816795E+1	7.837990E+0	9.330792E-2	4.198770E-2	3.887820E+1
1.948400E+4	9.220302E+2	-8.801857E+1	7.774899E+0	9.162375E-2	4.169736E-2	3.844622E+1
1.948800E+4	9.225867E+2	-8.838560E+1	7.767824E+0	9.003276E-2	4.125429E-2	3.806065E+1
1.949200E+4	9.167502E+2	-8.804862E+1	7.717430E+0	8.886685E-2	4.095050E-2	3.754138E+1
1.949600E+4	9.102310E+2	-8.795725E+1	7.694202E+0	8.792276E-2	4.077370E-2	3.711348E+1
1.950000E+4	9.095957E+2	-8.767558E+1	7.636405E+0	8.600277E-2	4.035711E-2	3.670865E+1
1.950400E+4	9.019815E+2	-8.796201E+1	7.656129E+0	8.460211E-2	4.019698E-2	3.625693E+1
1.950800E+4	9.031850E+2	-8.801971E+1	7.616201E+0	8.305626E-2	3.964090E-2	3.580307E+1
1.951200E+4	8.993816E+2	-8.861004E+1	7.618758E+0	8.179516E-2	3.936046E-2	3.540007E+1
1.951600E+4	8.949713E+2	-8.819052E+1	7.592953E+0	7.998643E-2	3.918218E-2	3.506693E+1
1.952000E+4	8.894772E+2	-8.828475E+1	7.521452E+0	7.716408E-2	3.884568E-2	3.455235E+1
1.952400E+4	8.860472E+2	-8.813826E+1	7.541039E+0	7.591232E-2	3.855627E-2	3.416268E+1
1.952800E+4	8.864758E+2	-8.842884E+1	7.493822E+0	7.434532E-2	3.810143E-2	3.377599E+1
1.953200E+4	8.814551E+2	-8.740398E+1	7.501802E+0	7.230942E-2	3.780226E-2	3.332100E+1
1.953600E+4	8.736221E+2	-8.838005E+1	7.448334E+0	7.184851E-2	3.762262E-2	3.286796E+1
1.954000E+4	8.713150E+2	-8.792748E+1	7.443893E+0	7.228561E-2	3.728878E-2	3.249028E+1
1.954400E+4	8.683792E+2	-8.824189E+1	7.466551E+0	7.429764E-2	3.700146E-2	3.213130E+1
1.954800E+4	8.659398E+2	-8.790134E+1	7.411579E+0	7.685687E-2	3.666330E-2	3.174821E+1
1.955200E+4	8.644218E+2	-8.820353E+1	7.386457E+0	8.025104E-2	3.626661E-2	3.134965E+1
1.955600E+4	8.561097E+2	-8.812831E+1	7.448064E+0	8.289635E-2	3.617904E-2	3.097322E+1
1.956000E+4	8.548737E+2	-8.724158E+1	7.410576E+0	8.621683E-2	3.583343E-2	3.063305E+1
1.956400E+4	8.512988E+2	-8.769276E+1	7.411413E+0	8.797257E-2	3.558951E-2	3.029731E+1
1.956800E+4	8.501796E+2	-8.818639E+1	7.400805E+0	8.942024E-2	3.529209E-2	3.000462E+1
1.957200E+4	8.421609E+2	-8.806886E+1	7.474887E+0	8.928519E-2	3.526238E-2	2.969660E+1
1.957600E+4	8.422126E+2	-8.784099E+1	7.433562E+0	8.926596E-2	3.499091E-2	2.946979E+1
1.958000E+4	8.401239E+2	-8.769849E+1	7.510561E+0	8.854799E-2	3.472188E-2	2.917069E+1
1.958400E+4	8.368022E+2	-8.841523E+1	7.529387E+0	8.727065E-2	3.454062E-2	2.890367E+1
1.958800E+4	8.331462E+2	-8.752718E+1	7.570436E+0	8.606325E-2	3.430619E-2	2.858207E+1
1.959200E+4	8.346970E+2	-8.753799E+1	7.558158E+0	8.513494E-2	3.396430E-2	2.834990E+1
1.959600E+4	8.261829E+2	-8.738062E+1	7.611017E+0	8.389392E-2	3.390453E-2	2.801134E+1
1.960000E+4	8.229792E+2	-8.751266E+1	7.625303E+0	8.297091E-2	3.365054E-2	2.769370E+1
1.960400E+4	8.215439E+2	-8.747041E+1	7.612609E+0	8.223312E-2	3.339103E-2	2.743220E+1
1.960800E+4	8.207398E+2	-8.724417E+1	7.632739E+0	8.139829E-2	3.303989E-2	2.711716E+1
1.961200E+4	8.161937E+2	-8.874401E+1	7.653584E+0	8.093692E-2	3.283113E-2	2.679656E+1
1.961600E+4	8.131735E+2	-8.777140E+1	7.717123E+0	8.015615E-2	3.256727E-2	2.648284E+1
1.962000E+4	8.077985E+2	-8.834882E+1	7.698718E+0	8.008172E-2	3.240809E-2	2.617921E+1
1.962400E+4	8.063148E+2	-8.705531E+1	7.726538E+0	7.977787E-2	3.208249E-2	2.586859E+1
1.962800E+4	8.072591E+2	-8.756986E+1	7.758022E+0	7.949784E-2	3.170751E-2	2.559617E+1
1.963200E+4	7.973261E+2	-8.772648E+1	7.778886E+0	7.976512E-2	3.171165E-2	2.528452E+1
1.963600E+4	7.968157E+2	-8.742374E+1	7.803963E+0	7.957021E-2	3.137384E-2	2.499917E+1
1.964000E+4	7.924168E+2	-8.749796E+1	7.827433E+0	7.991213E-2	3.111017E-2	2.465222E+1
1.964400E+4	7.871894E+2	-8.675794E+1	7.908117E+0	8.059853E-2	3.096649E-2	2.437649E+1
1.964800E+4	7.854827E+2	-8.755560E+1	7.952435E+0	8.071011E-2	3.068205E-2	2.410022E+1
1.965200E+4	7.854986E+2	-8.835308E+1	7.921374E+0	8.109315E-2	3.033613E-2	2.382899E+1
1.965600E+4	7.777567E+2	-8.857415E+1	7.980589E+0	8.228266E-2	3.011541E-2	2.342246E+1
1.966000E+4	7.768145E+2	-8.746297E+1	8.054335E+0	8.377162E-2	2.983208E-2	2.317400E+1
1.966400E+4	7.706334E+2	-8.722652E+1	8.058887E+0	8.426622E-2	2.969853E-2	2.288668E+1
1.966800E+4	7.661375E+2	-8.745139E+1	8.170764E+0	8.586973E-2	2.950449E-2	2.260450E+1
1.967200E+4	7.650117E+2	-8.684801E+1	8.153503E+0	8.655304E-2	2.918039E-2	2.232334E+1
1.967600E+4	7.575953E+2	-8.725352E+1	8.282880E+0	8.866739E-2	2.900160E-2	2.197147E+1
1.968000E+4	7.593011E+2	-8.770745E+1	8.298303E+0	9.001876E-2	2.862934E-2	2.173829E+1
1.968400E+4	7.485283E+2	-8.743769E+1	8.372956E+0	9.191523E-2	2.845845E-2	2.130196E+1
1.968800E+4	7.452581E+2	-8.740793E+1	8.407784E+0	9.393784E-2	2.819591E-2	2.101323E+1
1.969200E+4	7.430229E+2	-8.753404E+1	8.473775E+0	9.637412E-2	2.795646E-2	2.077229E+1
1.969600E+4	7.400012E+2	-8.709155E+1	8.587711E+0	9.861887E-2	2.765114E-2	2.046187E+1
1.970000E+4	7.335175E+2	-8.706236E+1	8.659919E+0	1.013069E-1	2.743015E-2	2.012050E+1
1.970400E+4	7.334365E+2	-8.688734E+1	8.739838E+0	1.041972E-1	2.707445E-2	1.985739E+1
1.970800E+4	7.272238E+2	-8.629132E+1	8.839403E+0	1.072535E-1	2.692994E-2	1.958410E+1
1.971200E+4	7.203756E+2	-8.588729E+1	8.936060E+0	1.101152E-1	2.670255E-2	1.923587E+1
1.971600E+4	7.176394E+2	-8.606997E+1	8.995700E+0	1.129966E-1	2.647554E-2	1.899989E+1
1.972000E+4	7.111791E+2	-8.645739E+1	9.080792E+0	1.162673E-1	2.629810E-2	1.870266E+1
1.972400E+4	7.127745E+2	-8.689980E+1	9.229238E+0	1.201236E-1	2.580785E-2	1.839518E+1
1.972800E+4	7.067827E+2	-8.602937E+1	9.353597E+0	1.237204E-1	2.571837E-2	1.817730E+1
1.973200E+4	7.030244E+2	-8.566650E+1	9.446687E+0	1.271682E-1	2.541839E-2	1.786975E+1
1.973600E+4	6.983773E+2	-8.557450E+1	9.573145E+0	1.309934E-1	2.514434E-2	1.756024E+1
1.974000E+4	6.888116E+2	-8.562345E+1	9.682576E+0	1.347873E-1	2.501724E-2	1.723217E+1
1.974400E+4	6.873094E+2	-8.594059E+1	9.853383E+0	1.383958E-1	2.461331E-2	1.691696E+1
1.974800E+4	6.820456E+2	-8.565477E+1	9.991452E+0	1.413723E-1	2.438650E-2	1.663270E+1
1.975200E+4	6.743735E+2	-8.560278E+1	1.015083E+1	1.440573E-1	2.417161E-2	1.630069E+1
1.975600E+4	6.678823E+2	-8.505745E+1	1.031135E+1	1.467512E-1	2.382211E-2	1.591036E+1
1.976000E+4	6.644887E+2	-8.501501E+1	1.046650E+1	1.490659E-1	2.333809E-2	1.550790E+1
1.976400E+4	6.565578E+2	-8.437939E+1	1.065579E+1	1.501248E-1	2.304379E-2	1.512958E+1
1.976800E+4	6.474398E+2	-8.450426E+1	1.083741E+1	1.519049E-1	2.280220E-2	1.476305E+1
1.977200E+4	6.375057E+2	-8.332430E+1	1.101214E+1	1.537436E-1	2.246709E-2	1.432290E+1
1.977600E+4	6.335846E+2	-8.225957E+1	1.126892E+1	1.561836E-1	2.198925E-2	1.393205E+1
1.978000E+4	6.227942E+2	-8.274110E+1	1.144190E+1	1.579305E-1	2.167432E-2	1.349864E+1
1.978400E+4	6.135096E+2	-8.186231E+1	1.166825E+1	1.603993E-1	2.131468E-2	1.307676E+1
1.978800E+4	6.096641E+2	-8.077355E+1	1.195500E+1	1.618705E-1	2.079963E-2	1.268079E+1
1.979200E+4	6.011614E+2	-8.002444E+1	1.221280E+1	1.637523E-1	2.041425E-2	1.227226E+1
1.979600E+4	5.937829E+2	-7.961503E+1	1.245533E+1	1.660611E-1	1.995045E-2	1.184623E+1
1.980000E+4	5.847104E+2	-7.930672E+1	1.276794E+1	1.680515E-1	1.962881E-2	1.147717E+1
1.980400E+4	5.748983E+2	-7.769836E+1	1.303780E+1	1.702648E-1	1.914594E-2	1.100697E+1
1.980800E+4	5.637395E+2	-7.610690E+1	1.336451E+1	1.727636E-1	1.881982E-2	1.060948E+1
1.981200E+4	5.525858E+2	-7.379959E+1	1.367209E+1	1.751851E-1	1.832389E-2	1.012552E+1
1.981600E+4	5.459152E+2	-7.248095E+1	1.400797E+1	1.781171E-1	1.776950E-2	9.700640E+0
1.982000E+4	5.388916E+2	-7.046155E+1	1.440591E+1	1.819914E-1	1.732014E-2	9.333679E+0
1.982400E+4	5.367397E+2	-6.930058E+1	1.479832E+1	1.852438E-1	1.667890E-2	8.952227E+0
1.982800E+4	5.329908E+2	-6.396980E+1	1.518571E+1	1.898733E-1	1.627631E-2	8.675122E+0
1.983200E+4	5.294180E+2	-6.298316E+1	1.562125E+1	1.955379E-1	1.578836E-2	8.358643E+0
1.983600E+4	5.286984E+2	-5.830431E+1	1.610786E+1	2.006068E-1	1.525814E-2	8.066954E+0
1.984000E+4	5.361199E+2	-5.518081E+1	1.662156E+1	2.076831E-1	1.468201E-2	7.871316E+0
1.984400E+4	5.479954E+2	-5.066902E+1	1.721228E+1	2.137728E-1	1.397813E-2	7.659954E+0
1.984800E+4	5.716557E+2	-4.569682E+1	1.786422E+1	2.224439E-1	1.341397E-2	7.668173E+0
1.985200E+4	6.186797E+2	-4.193754E+1	1.854779E+1	2.318433E-1	1.267373E-2	7.840978E+0
1.985600E+4	6.734238E+2	-3.811819E+1	1.930434E+1	2.415945E-1	1.217471E-2	8.198742E+0
1.986000E+4	7.586249E+2	-3.287391E+1	2.018493E+1	2.547144E-1	1.152994E-2	8.746897E+0
1.986400E+4	8.803611E+2	-3.364029E+1	2.118661E+1	2.670860E-1	1.092403E-2	9.617088E+0
1.986800E+4	9.967096E+2	-3.698081E+1	2.225298E+1	2.821918E-1	1.099263E-2	1.095646E+1
1.987200E+4	1.196978E+3	-3.989391E+1	2.328193E+1	2.876540E-1	1.109233E-2	1.327728E+1
1.987600E+4	1.328017E+3	-4.704891E+1	2.471272E+1	3.056877E-1	1.147908E-2	1.524442E+1
1.988000E+4	1.375826E+3	-5.047343E+1	2.610421E+1	3.231021E-1	1.240940E-2	1.707317E+1
1.988400E+4	1.410830E+3	-5.815841E+1	2.744318E+1	3.381006E-1	1.401445E-2	1.977200E+1
1.988800E+4	1.414681E+3	-6.470883E+1	2.864200E+1	3.577506E-1	1.596035E-2	2.257881E+1
1.989200E+4	1.405359E+3	-6.934015E+1	2.979175E+1	3.716983E-1	1.815078E-2	2.550836E+1
1.989600E+4	1.357281E+3	-7.170482E+1	3.136271E+1	3.850072E-1	2.100538E-2	2.851021E+1
1.990000E+4	1.311359E+3	-7.515878E+1	3.205627E+1	3.925183E-1	2.422845E-2	3.177220E+1
1.990400E+4	1.286106E+3	-7.813116E+1	3.329404E+1	4.105191E-1	2.755486E-2	3.543846E+1
1.990800E+4	1.228056E+3	-8.027251E+1	3.385160E+1	4.145815E-1	3.118208E-2	3.829333E+1
1.991200E+4	1.198838E+3	-8.162368E+1	3.395107E+1	4.108886E-1	3.418914E-2	4.098724E+1
1.991600E+4	1.170870E+3	-8.296985E+1	3.348010E+1	4.032873E-1	3.685972E-2	4.315794E+1
1.992000E+4	1.148565E+3	-8.420554E+1	3.292689E+1	3.945501E-1	3.901014E-2	4.480567E+1
1.992400E+4	1.117784E+3	-8.437078E+1	3.173596E+1	3.785785E-1	4.085300E-2	4.566484E+1
1.992800E+4	1.095228E+3	-8.543368E+1	3.026774E+1	3.615924E-1	4.222429E-2	4.624522E+1
1.993200E+4	1.077640E+3	-8.610835E+1	2.886206E+1	3.423161E-1	4.299905E-2	4.633749E+1
1.993600E+4	1.055818E+3	-8.611782E+1	2.728516E+1	3.235883E-1	4.356325E-2	4.599488E+1
1.994000E+4	1.041379E+3	-8.612811E+1	2.564510E+1	3.043074E-1	4.367043E-2	4.547745E+1
1.994400E+4	1.022772E+3	-8.712734E+1	2.414104E+1	2.854483E-1	4.361271E-2	4.460585E+1
1.994800E+4	1.013099E+3	-8.715540E+1	2.262038E+1	2.661014E-1	4.318146E-2	4.374708E+1
1.995200E+4	9.948070E+2	-8.757552E+1	2.123504E+1	2.484812E-1	4.307645E-2	4.285275E+1
1.995600E+4	9.856434E+2	-8.763327E+1	1.992278E+1	2.303862E-1	4.251323E-2	4.190289E+1
1.996000E+4	9.731118E+2	-8.757456E+1	1.875713E+1	2.154698E-1	4.219839E-2	4.106375E+1
1.996400E+4	9.645027E+2	-8.809911E+1	1.772641E+1	2.024127E-1	4.172868E-2	4.024742E+1
1.996800E+4	9.546338E+2	-8.856903E+1	1.673813E+1	1.895675E-1	4.125050E-2	3.937912E+1
1.997200E+4	9.463846E+2	-8.795641E+1	1.586974E+1	1.776896E-1	4.076170E-2	3.857625E+1
1.997600E+4	9.388351E+2	-8.733158E+1	1.496924E+1	1.663653E-1	4.023385E-2	3.777295E+1
1.998000E+4	9.314750E+2	-8.836846E+1	1.424390E+1	1.566658E-1	3.972574E-2	3.700353E+1
1.998400E+4	9.262683E+2	-8.852036E+1	1.349783E+1	1.475453E-1	3.921522E-2	3.632381E+1
1.998800E+4	9.201157E+2	-8.893820E+1	1.281628E+1	1.390122E-1	3.878184E-2	3.568378E+1
1.999200E+4	9.153802E+2	-8.828118E+1	1.229621E+1	1.312405E-1	3.830493E-2	3.506358E+1
1.999600E+4	9.051111E+2	-8.829943E+1	1.169035E+1	1.240896E-1	3.802077E-2	3.441303E+1
2.000000E+4	9.010516E+2	-8.833154E+1	1.119545E+1	1.179229E-1	3.760144E-2	3.388084E+1
2.000400E+4	8.947081E+2	-8.874883E+1	1.068473E+1	1.120842E-1	3.721672E-2	3.329810E+1
2.000800E+4	8.888359E+2	-8.819292E+1	1.026211E+1	1.064308E-1	3.694048E-2	3.283402E+1
2.001200E+4	8.859355E+2	-8.863753E+1	9.823133E+0	1.015358E-1	3.650712E-2	3.234296E+1
2.001600E+4	8.811687E+2	-8.870289E+1	9.343710E+0	9.538989E-2	3.621446E-2	3.191105E+1
2.002000E+4	8.785855E+2	-8.892596E+1	9.126786E+0	9.090365E-2	3.580424E-2	3.145709E+1
2.002400E+4	8.733510E+2	-8.901661E+1	8.757471E+0	8.637360E-2	3.548214E-2	3.098837E+1
2.002800E+4	8.649951E+2	-8.898837E+1	8.443077E+0	8.263556E-2	3.529759E-2	3.053225E+1
2.003200E+4	8.628002E+2	-8.860297E+1	8.165188E+0	7.883108E-2	3.486109E-2	3.007816E+1
2.003600E+4	8.553891E+2	-8.917674E+1	7.890582E+0	7.553778E-2	3.473940E-2	2.971570E+1
2.004000E+4	8.557300E+2	-8.929482E+1	7.623104E+0	7.248626E-2	3.445772E-2	2.948651E+1
2.004400E+4	8.546403E+2	-8.877277E+1	7.364006E+0	6.915627E-2	3.408028E-2	2.912638E+1
2.004800E+4	8.488030E+2	-8.951830E+1	7.133076E+0	6.654418E-2	3.390343E-2	2.877733E+1
2.005200E+4	8.422714E+2	-8.784556E+1	6.873720E+0	6.426009E-2	3.379942E-2	2.846829E+1
2.005600E+4	8.427291E+2	-8.920879E+1	6.677009E+0	6.104562E-2	3.346718E-2	2.820376E+1
2.006000E+4	8.417827E+2	-8.963261E+1	6.501077E+0	5.822989E-2	3.322817E-2	2.797090E+1
2.006400E+4	8.383661E+2	-8.845688E+1	6.312445E+0	5.609510E-2	3.294417E-2	2.761927E+1
2.006800E+4	8.323600E+2	-8.921770E+1	6.145310E+0	5.366258E-2	3.290037E-2	2.738495E+1
2.007200E+4	8.296838E+2	-8.912392E+1	5.941816E+0	5.203398E-2	3.267064E-2	2.710630E+1
2.007600E+4	8.308891E+2	-8.993242E+1	5.797643E+0	4.982094E-2	3.239048E-2	2.691289E+1
2.008000E+4	8.259921E+2	-8.932838E+1	5.627154E+0	4.769557E-2	3.224117E-2	2.663095E+1
2.008400E+4	8.224447E+2	-8.895227E+1	5.506998E+0	4.595346E-2	3.214757E-2	2.643960E+1
2.008800E+4	8.235120E+2	-8.895887E+1	5.353536E+0	4.436858E-2	3.185122E-2	2.622986E+1
2.009200E+4	8.210332E+2	-8.925292E+1	5.240701E+0	4.249933E-2	3.165114E-2	2.598664E+1
2.009600E+4	8.191543E+2	-8.887452E+1	5.122262E+0	4.120012E-2	3.156265E-2	2.585468E+1
2.010000E+4	8.145875E+2	-8.890137E+1	5.019493E+0	3.995813E-2	3.144480E-2	2.561454E+1
2.010400E+4	8.161243E+2	-8.922076E+1	4.858266E+0	3.901894E-2	3.115323E-2	2.542491E+1
2.010800E+4	8.100443E+2	-8.892152E+1	4.779372E+0	3.851466E-2	3.118356E-2	2.526007E+1
2.011200E+4	8.102102E+2	-8.851465E+1	4.635075E+0	3.808386E-2	3.105447E-2	2.516065E+1
2.011600E+4	8.107731E+2	-8.880301E+1	4.595595E+0	3.805683E-2	3.080683E-2	2.497735E+1
2.012000E+4	8.053800E+2	-8.879080E+1	4.470717E+0	3.789112E-2	3.074608E-2	2.476228E+1
2.012400E+4	8.027652E+2	-8.899327E+1	4.371094E+0	3.893857E-2	3.069933E-2	2.464435E+1
2.012800E+4	8.011649E+2	-8.846046E+1	4.286277E+0	4.015067E-2	3.062854E-2	2.453851E+1
2.013200E+4	7.994927E+2	-8.966617E+1	4.197381E+0	4.092253E-2	3.053080E-2	2.440915E+1
2.013600E+4	8.008256E+2	-8.950725E+1	4.177447E+0	4.189078E-2	3.034978E-2	2.430488E+1
2.014000E+4	7.995364E+2	-8.932883E+1	4.050272E+0	4.236041E-2	3.030834E-2	2.423262E+1
2.014400E+4	7.981646E+2	-8.986269E+1	3.989587E+0	4.332166E-2	3.022743E-2	2.412646E+1
2.014800E+4	8.000110E+2	-8.922560E+1	3.920146E+0	4.357786E-2	2.999218E-2	2.399407E+1
2.015200E+4	7.968137E+2	-8.954524E+1	3.813992E+0	4.391356E-2	2.994815E-2	2.386310E+1
2.015600E+4	7.941346E+2	-8.861556E+1	3.740686E+0	4.378443E-2	2.986699E-2	2.371841E+1
2.016000E+4	7.909769E+2	-8.903819E+1	3.675578E+0	4.280026E-2	2.981344E-2	2.358174E+1
2.016400E+4	7.873165E+2	-8.925301E+1	3.619726E+0	4.218713E-2	2.978809E-2	2.345266E+1
2.016800E+4	7.880205E+2	-8.952583E+1	3.547304E+0	4.151964E-2	2.956010E-2	2.329397E+1
2.017200E+4	7.878480E+2	-8.918032E+1	3.459525E+0	4.048176E-2	2.946368E-2	2.321290E+1
2.017600E+4	7.848287E+2	-8.869987E+1	3.388158E+0	4.007903E-2	2.930972E-2	2.300311E+1
2.018000E+4	7.844431E+2	-9.025040E+1	3.343856E+0	3.936182E-2	2.919699E-2	2.290338E+1
2.018400E+4	7.818087E+2	-8.930244E+1	3.268835E+0	3.825073E-2	2.907819E-2	2.273358E+1
2.018800E+4	7.764284E+2	-8.984586E+1	3.236146E+0	3.707410E-2	2.899169E-2	2.250998E+1
2.019200E+4	7.718450E+2	-8.939690E+1	3.130465E+0	3.642981E-2	2.904617E-2	2.241914E+1
2.019600E+4	7.729825E+2	-8.966026E+1	3.072681E+0	3.537635E-2	2.884617E-2	2.229758E+1
2.020000E+4	7.703329E+2	-8.959298E+1	3.051233E+0	3.474801E-2	2.883035E-2	2.220897E+1
2.020400E+4	7.674497E+2	-8.967792E+1	2.980038E+0	3.370523E-2	2.875877E-2	2.207091E+1
2.020800E+4	7.685012E+2	-8.944834E+1	2.976695E+0	3.325610E-2	2.863590E-2	2.200672E+1
2.021200E+4	7.704896E+2	-8.986283E+1	2.912731E+0	3.282713E-2	2.841473E-2	2.189325E+1
2.021600E+4	7.681930E+2	-8.883419E+1	2.820981E+0	3.207801E-2	2.827854E-2	2.172338E+1
2.022000E+4	7.672683E+2	-8.944788E+1	2.779711E+0	3.088590E-2	2.822987E-2	2.165988E+1
2.022400E+4	7.660449E+2	-8.989438E+1	2.773445E+0	3.019798E-2	2.807848E-2	2.150937E+1
2.022800E+4	7.589154E+2	-8.905855E+1	2.669080E+0	2.973408E-2	2.821205E-2	2.141056E+1
2.023200E+4	7.609604E+2	-8.921475E+1	2.663727E+0	2.871377E-2	2.798929E-2	2.129874E+1
2.023600E+4	7.580033E+2	-8.982149E+1	2.616846E+0	2.810317E-2	2.798664E-2	2.121396E+1
2.024000E+4	7.581742E+2	-9.007411E+1	2.573132E+0	2.746785E-2	2.786990E-2	2.113024E+1
2.024400E+4	7.570574E+2	-8.975517E+1	2.551722E+0	2.702983E-2	2.775409E-2	2.101144E+1
2.024800E+4	7.576011E+2	-9.017893E+1	2.479142E+0	2.625275E-2	2.766079E-2	2.095584E+1
2.025200E+4	7.556255E+2	-8.961972E+1	2.455957E+0	2.577348E-2	2.760050E-2	2.085565E+1
2.025600E+4	7.522612E+2	-8.935525E+1	2.435938E+0	2.515785E-2	2.760822E-2	2.076859E+1
2.026000E+4	7.546703E+2	-8.980367E+1	2.377237E+0	2.461304E-2	2.735702E-2	2.064553E+1
2.026400E+4	7.534159E+2	-8.916288E+1	2.374318E+0	2.439509E-2	2.731600E-2	2.058031E+1
2.026800E+4	7.491227E+2	-8.990250E+1	2.310890E+0	2.377005E-2	2.727251E-2	2.043046E+1
2.027200E+4	7.462084E+2	-8.914288E+1	2.274560E+0	2.318251E-2	2.723909E-2	2.032604E+1
2.027600E+4	7.453153E+2	-8.978933E+1	2.243182E+0	2.291692E-2	2.724126E-2	2.030333E+1
2.028000E+4	7.465154E+2	-8.973978E+1	2.242338E+0	2.290704E-2	2.707008E-2	2.020823E+1
2.028400E+4	7.454805E+2	-8.959743E+1	2.178217E+0	2.201609E-2	2.693707E-2	2.008106E+1
2.028800E+4	7.436113E+2	-8.896938E+1	2.198637E+0	2.224276E-2	2.699870E-2	2.007654E+1
2.029200E+4	7.393610E+2	-9.017344E+1	2.108555E+0	2.143574E-2	2.694447E-2	1.992169E+1
2.029600E+4	7.448026E+2	-8.961627E+1	2.099949E+0	2.103899E-2	2.668534E-2	1.987531E+1
