1.800000E+4	4.306305E+2	-8.705613E+1	3.819935E-1	4.594178E-3	4.291908E-3	1.848226E+0
1.800400E+4	4.327806E+2	-8.744244E+1	4.030910E-1	4.444979E-3	4.275528E-3	1.850366E+0
1.800800E+4	4.378922E+2	-8.989041E+1	4.024537E-1	3.602444E-3	4.222053E-3	1.848804E+0
1.801200E+4	4.354016E+2	-8.666285E+1	4.113584E-1	4.610653E-3	4.255519E-3	1.852860E+0
1.801600E+4	4.272921E+2	-8.401913E+1	3.799706E-1	4.429851E-3	4.330577E-3	1.850421E+0
1.802000E+4	4.391528E+2	-8.728352E+1	4.032606E-1	3.032083E-3	4.203811E-3	1.846115E+0
1.802400E+4	4.285160E+2	-8.722704E+1	4.166405E-1	4.527271E-3	4.330677E-3	1.855765E+0
1.802800E+4	4.299428E+2	-8.747557E+1	4.054963E-1	4.409056E-3	4.310853E-3	1.853420E+0
1.803200E+4	4.376421E+2	-8.674678E+1	4.151023E-1	4.507337E-3	4.223936E-3	1.848572E+0
1.803600E+4	4.329917E+2	-8.847574E+1	3.823954E-1	4.384669E-3	4.270387E-3	1.849042E+0
1.804000E+4	4.319100E+2	-8.773502E+1	3.959823E-1	4.460944E-3	4.276516E-3	1.847070E+0
1.804400E+4	4.360717E+2	-8.770277E+1	3.985699E-1	4.366384E-3	4.251257E-3	1.853853E+0
1.804800E+4	4.197168E+2	-8.680233E+1	3.896983E-1	4.508810E-3	4.409176E-3	1.850606E+0
1.805200E+4	4.157494E+2	-8.679049E+1	3.912486E-1	4.307990E-3	4.446913E-3	1.848801E+0
1.805600E+4	4.174686E+2	-8.723817E+1	3.861353E-1	4.458753E-3	4.431522E-3	1.850021E+0
1.806000E+4	4.290625E+2	-8.740255E+1	4.065942E-1	4.398875E-3	4.316626E-3	1.852102E+0
1.806400E+4	4.166273E+2	-8.737179E+1	3.977997E-1	4.467948E-3	4.444656E-3	1.851765E+0
1.806800E+4	4.163701E+2	-8.630534E+1	3.952117E-1	4.413574E-3	4.429031E-3	1.844116E+0
1.807200E+4	4.255840E+2	-8.924412E+1	4.136143E-1	4.336552E-3	4.341499E-3	1.847672E+0
1.807600E+4	4.217077E+2	-9.072860E+1	4.298913E-1	4.393551E-3	4.383978E-3	1.848757E+0
1.808000E+4	4.095580E+2	-8.688248E+1	4.104156E-1	4.486190E-3	4.525169E-3	1.853319E+0
1.808400E+4	4.065791E+2	-8.724275E+1	4.145918E-1	4.474434E-3	4.543456E-3	1.847274E+0
1.808800E+4	4.193765E+2	-8.820938E+1	4.003738E-1	4.331787E-3	4.406625E-3	1.848035E+0
1.809200E+4	4.186190E+2	-8.721463E+1	3.887609E-1	4.369127E-3	4.417129E-3	1.849094E+0
1.809600E+4	4.072939E+2	-8.409339E+1	3.895755E-1	4.372294E-3	4.532889E-3	1.846218E+0
1.810000E+4	4.024136E+2	-8.723405E+1	3.942477E-1	4.358913E-3	4.590319E-3	1.847207E+0
1.810400E+4	4.024194E+2	-8.817485E+1	4.037575E-1	4.427394E-3	4.598480E-3	1.850518E+0
1.810800E+4	4.171378E+2	-8.848467E+1	4.147067E-1	4.468985E-3	4.428138E-3	1.847144E+0
1.811200E+4	4.034727E+2	-8.694846E+1	4.272120E-1	4.458247E-3	4.585716E-3	1.850212E+0
1.811600E+4	4.083263E+2	-8.942800E+1	4.385007E-1	4.472726E-3	4.532522E-3	1.850748E+0
1.812000E+4	3.962931E+2	-8.735517E+1	4.347166E-1	4.459401E-3	4.667270E-3	1.849607E+0
1.812400E+4	3.968679E+2	-8.680118E+1	4.125262E-1	4.545520E-3	4.662963E-3	1.850580E+0
1.812800E+4	4.086974E+2	-8.729406E+1	4.084346E-1	4.608891E-3	4.523527E-3	1.848754E+0
1.813200E+4	3.996771E+2	-8.684090E+1	4.081481E-1	4.502948E-3	4.619092E-3	1.846145E+0
1.813600E+4	3.942844E+2	-8.828909E+1	4.161553E-1	4.593098E-3	4.694980E-3	1.851157E+0
1.814000E+4	3.987411E+2	-8.809714E+1	4.001230E-1	4.546732E-3	4.625854E-3	1.844518E+0
1.814400E+4	3.953851E+2	-8.767067E+1	4.137410E-1	4.548355E-3	4.669920E-3	1.846417E+0
1.814800E+4	3.955159E+2	-8.565682E+1	4.062559E-1	4.490959E-3	4.667633E-3	1.846123E+0
1.815200E+4	3.886170E+2	-8.710859E+1	4.111600E-1	4.771497E-3	4.758296E-3	1.849155E+0
1.815600E+4	3.979028E+2	-8.608971E+1	4.412959E-1	4.665330E-3	4.645038E-3	1.848274E+0
1.816000E+4	3.864321E+2	-8.901507E+1	4.156257E-1	4.760336E-3	4.778942E-3	1.846737E+0
1.816400E+4	3.827068E+2	-8.777197E+1	4.072006E-1	4.674859E-3	4.829966E-3	1.848461E+0
1.816800E+4	3.903538E+2	-8.559165E+1	4.388988E-1	4.789593E-3	4.734457E-3	1.848113E+0
1.817200E+4	3.919351E+2	-8.807168E+1	4.468319E-1	4.877648E-3	4.719569E-3	1.849765E+0
1.817600E+4	3.867222E+2	-8.602387E+1	4.063253E-1	4.862491E-3	4.777437E-3	1.847541E+0
1.818000E+4	3.873862E+2	-8.773586E+1	4.499740E-1	4.818374E-3	4.760523E-3	1.844161E+0
1.818400E+4	3.754522E+2	-8.619722E+1	4.217221E-1	4.883376E-3	4.913921E-3	1.844943E+0
1.818800E+4	3.814249E+2	-8.745604E+1	4.366451E-1	5.085182E-3	4.851686E-3	1.850554E+0
1.819200E+4	3.780571E+2	-8.763507E+1	4.039572E-1	5.011337E-3	4.889823E-3	1.848633E+0
1.819600E+4	3.710195E+2	-8.551525E+1	4.549437E-1	5.213625E-3	4.972154E-3	1.844766E+0
1.820000E+4	3.765124E+2	-8.862580E+1	4.470968E-1	5.285919E-3	4.900080E-3	1.844941E+0
1.820400E+4	3.691149E+2	-8.508779E+1	4.346202E-1	5.300635E-3	5.004783E-3	1.847340E+0
1.820800E+4	3.759207E+2	-8.719035E+1	4.274660E-1	5.503303E-3	4.917092E-3	1.848437E+0
1.821200E+4	3.747318E+2	-8.836312E+1	4.357163E-1	5.473294E-3	4.935317E-3	1.849420E+0
1.821600E+4	3.651708E+2	-8.662848E+1	4.128485E-1	5.684913E-3	5.075275E-3	1.853342E+0
1.822000E+4	3.693659E+2	-8.709803E+1	4.337752E-1	5.762652E-3	4.997717E-3	1.845987E+0
1.822400E+4	3.650992E+2	-8.843663E+1	4.334952E-1	5.913806E-3	5.055349E-3	1.845704E+0
1.822800E+4	3.592899E+2	-8.561642E+1	4.705547E-1	6.103848E-3	5.144234E-3	1.848271E+0
1.823200E+4	3.645814E+2	-8.637185E+1	4.305071E-1	6.293316E-3	5.066550E-3	1.847170E+0
1.823600E+4	3.667730E+2	-8.876896E+1	4.362173E-1	6.540865E-3	5.034715E-3	1.846598E+0
1.824000E+4	3.614155E+2	-8.730943E+1	4.639887E-1	5.348316E-3	5.106254E-3	1.845479E+0
1.824400E+4	3.536498E+2	-8.942448E+1	4.614826E-1	6.828904E-3	5.224280E-3	1.847566E+0
1.824800E+4	3.533703E+2	-8.787057E+1	4.671836E-1	7.198301E-3	5.228883E-3	1.847732E+0
1.825200E+4	3.527030E+2	-8.690534E+1	4.579926E-1	7.418249E-3	5.245468E-3	1.850092E+0
1.825600E+4	3.518732E+2	-8.635929E+1	4.641035E-1	7.798573E-3	5.242902E-3	1.844837E+0
1.826000E+4	3.484702E+2	-8.726988E+1	4.628676E-1	8.102444E-3	5.297116E-3	1.845887E+0
1.826400E+4	3.479088E+2	-8.630936E+1	4.667774E-1	8.497068E-3	5.312268E-3	1.848185E+0
1.826800E+4	3.427160E+2	-8.704796E+1	4.547955E-1	8.805742E-3	5.399882E-3	1.850626E+0
1.827200E+4	3.457580E+2	-8.707719E+1	4.784501E-1	9.161131E-3	5.340133E-3	1.846394E+0
1.827600E+4	3.407452E+2	-8.824126E+1	4.532068E-1	9.767495E-3	5.420715E-3	1.847083E+0
1.828000E+4	3.416190E+2	-8.700117E+1	4.695041E-1	1.038634E-2	5.412766E-3	1.849104E+0
1.828400E+4	3.400717E+2	-8.541905E+1	4.661841E-1	1.080436E-2	5.447709E-3	1.852612E+0
1.828800E+4	3.308247E+2	-8.622742E+1	4.889908E-1	1.161782E-2	5.595282E-3	1.851057E+0
1.829200E+4	3.313227E+2	-8.540103E+1	5.043939E-1	1.243760E-2	5.592645E-3	1.852970E+0
1.829600E+4	3.267406E+2	-8.560677E+1	4.791735E-1	1.337837E-2	5.661872E-3	1.849963E+0
1.830000E+4	3.250417E+2	-8.777940E+1	4.736744E-1	1.430523E-2	5.681719E-3	1.846796E+0
1.830400E+4	3.209562E+2	-8.420019E+1	4.755693E-1	1.547519E-2	5.769379E-3	1.851718E+0
1.830800E+4	3.170422E+2	-8.439944E+1	4.624139E-1	1.691274E-2	5.838704E-3	1.851115E+0
1.831200E+4	3.262437E+2	-8.593423E+1	4.656667E-1	1.837878E-2	5.681490E-3	1.853551E+0
1.831600E+4	3.200905E+2	-8.671228E+1	5.080565E-1	2.013953E-2	5.772249E-3	1.847642E+0
1.832000E+4	3.208863E+2	-8.655453E+1	4.893154E-1	2.172003E-2	5.775513E-3	1.853283E+0
1.832400E+4	3.139056E+2	-8.507321E+1	4.748669E-1	2.390961E-2	5.902199E-3	1.852733E+0
1.832800E+4	3.106344E+2	-8.343314E+1	4.743752E-1	2.588247E-2	5.952175E-3	1.848950E+0
1.833200E+4	3.085452E+2	-8.433787E+1	5.017700E-1	2.793669E-2	5.994858E-3	1.849684E+0
1.833600E+4	3.149659E+2	-8.617528E+1	5.204168E-1	2.981254E-2	5.862252E-3	1.846409E+0
1.834000E+4	3.076921E+2	-8.378050E+1	5.046496E-1	3.130312E-2	6.003165E-3	1.847127E+0
1.834400E+4	3.095444E+2	-8.473116E+1	5.261263E-1	3.227650E-2	5.979018E-3	1.850772E+0
1.834800E+4	3.089130E+2	-8.407005E+1	5.328473E-1	3.260236E-2	5.984778E-3	1.848776E+0
1.835200E+4	2.998550E+2	-8.277127E+1	4.901459E-1	3.214185E-2	6.164572E-3	1.848478E+0
1.835600E+4	3.075410E+2	-8.475748E+1	4.928191E-1	3.072165E-2	6.011304E-3	1.848723E+0
1.836000E+4	2.972092E+2	-8.232903E+1	4.932224E-1	2.928689E-2	6.233505E-3	1.852655E+0
1.836400E+4	2.972612E+2	-8.338406E+1	4.824893E-1	2.723815E-2	6.228780E-3	1.851575E+0
1.836800E+4	2.946083E+2	-8.429524E+1	5.069931E-1	2.516590E-2	6.282038E-3	1.850741E+0
1.837200E+4	2.960255E+2	-8.525664E+1	5.246710E-1	2.319643E-2	6.260063E-3	1.853138E+0
1.837600E+4	2.926860E+2	-8.297534E+1	4.945074E-1	2.119201E-2	6.334413E-3	1.853994E+0
1.838000E+4	2.938824E+2	-8.571351E+1	5.165486E-1	1.957464E-2	6.309463E-3	1.854240E+0
1.838400E+4	2.880621E+2	-8.284524E+1	4.896918E-1	1.838448E-2	6.436362E-3	1.854072E+0
1.838800E+4	2.845230E+2	-8.500405E+1	5.422195E-1	1.703431E-2	6.508451E-3	1.851804E+0
1.839200E+4	2.802333E+2	-8.396929E+1	5.191126E-1	1.583085E-2	6.616019E-3	1.854029E+0
1.839600E+4	2.787042E+2	-8.237006E+1	5.384824E-1	1.489381E-2	6.661827E-3	1.856679E+0
1.840000E+4	2.775287E+2	-8.305885E+1	5.173454E-1	1.406152E-2	6.684453E-3	1.855128E+0
1.840400E+4	2.760666E+2	-8.187281E+1	5.204012E-1	1.325940E-2	6.719708E-3	1.855087E+0
1.840800E+4	2.696757E+2	-8.326593E+1	5.288474E-1	1.244342E-2	6.885058E-3	1.856733E+0
1.841200E+4	2.688377E+2	-8.475748E+1	5.628375E-1	1.193088E-2	6.900548E-3	1.855127E+0
1.841600E+4	2.686980E+2	-8.262069E+1	5.714924E-1	1.126822E-2	6.898004E-3	1.853480E+0
1.842000E+4	2.663707E+2	-8.268759E+1	5.498405E-1	1.087376E-2	6.976095E-3	1.858227E+0
1.842400E+4	2.615184E+2	-8.323380E+1	5.637430E-1	1.052134E-2	7.094376E-3	1.855310E+0
1.842800E+4	2.602959E+2	-8.306054E+1	5.524341E-1	1.014243E-2	7.145584E-3	1.859966E+0
1.843200E+4	2.611054E+2	-8.358086E+1	5.692225E-1	9.781132E-3	7.111308E-3	1.856801E+0
1.843600E+4	2.566363E+2	-8.397296E+1	5.900620E-1	9.625930E-3	7.234314E-3	1.856587E+0
1.844000E+4	2.518327E+2	-8.128625E+1	5.853880E-1	9.158527E-3	7.389025E-3	1.860798E+0
1.844400E+4	2.461093E+2	-8.223232E+1	6.088705E-1	9.091923E-3	7.548703E-3	1.857806E+0
1.844800E+4	2.464190E+2	-8.377834E+1	6.315573E-1	8.868585E-3	7.546137E-3	1.859511E+0
1.845200E+4	2.423598E+2	-8.325134E+1	6.251814E-1	8.877930E-3	7.673082E-3	1.859647E+0
1.845600E+4	2.402679E+2	-8.219199E+1	6.134068E-1	8.735055E-3	7.749723E-3	1.862010E+0
1.846000E+4	2.345594E+2	-8.062049E+1	6.189089E-1	8.734331E-3	7.934881E-3	1.861201E+0
1.846400E+4	2.312919E+2	-8.251922E+1	6.189052E-1	8.532949E-3	8.045045E-3	1.860754E+0
1.846800E+4	2.322711E+2	-8.255769E+1	6.665487E-1	8.577371E-3	8.010601E-3	1.860631E+0
1.847200E+4	2.293930E+2	-8.156375E+1	6.694763E-1	8.535058E-3	8.131168E-3	1.865233E+0
1.847600E+4	2.217551E+2	-8.082059E+1	6.425095E-1	8.491148E-3	8.412858E-3	1.865594E+0
1.848000E+4	2.189044E+2	-7.980916E+1	6.538029E-1	8.559556E-3	8.515353E-3	1.864048E+0
1.848400E+4	2.180424E+2	-8.050635E+1	6.414295E-1	8.769725E-3	8.556266E-3	1.865629E+0
1.848800E+4	2.123684E+2	-7.959936E+1	6.576927E-1	8.777549E-3	8.772635E-3	1.863030E+0
1.849200E+4	2.078761E+2	-8.050372E+1	6.891280E-1	8.889304E-3	8.966094E-3	1.863837E+0
1.849600E+4	2.086054E+2	-7.960890E+1	7.094666E-1	8.987983E-3	8.973041E-3	1.871824E+0
1.850000E+4	2.024412E+2	-8.009309E+1	7.084347E-1	9.198077E-3	9.229833E-3	1.868499E+0
1.850400E+4	1.974431E+2	-7.860325E+1	7.615531E-1	9.112382E-3	9.463472E-3	1.868497E+0
1.850800E+4	1.939532E+2	-7.791542E+1	7.248580E-1	9.318280E-3	9.656292E-3	1.872869E+0
1.851200E+4	1.890550E+2	-7.909372E+1	7.790869E-1	9.659655E-3	9.867382E-3	1.865478E+0
1.851600E+4	1.873563E+2	-7.920139E+1	7.928296E-1	9.898787E-3	9.977808E-3	1.869405E+0
1.852000E+4	1.827343E+2	-7.793645E+1	7.907568E-1	1.006736E-2	1.023960E-2	1.871126E+0
1.852400E+4	1.793591E+2	-7.855197E+1	8.297242E-1	1.040517E-2	1.044767E-2	1.873885E+0
1.852800E+4	1.759717E+2	-7.815706E+1	8.572707E-1	1.073892E-2	1.064746E-2	1.873651E+0
1.853200E+4	1.708427E+2	-7.685334E+1	8.736228E-1	1.105602E-2	1.099288E-2	1.878053E+0
1.853600E+4	1.674207E+2	-7.550834E+1	8.679988E-1	1.135081E-2	1.121849E-2	1.878208E+0
1.854000E+4	1.637118E+2	-7.576270E+1	9.114483E-1	1.180941E-2	1.147585E-2	1.878732E+0
1.854400E+4	1.582533E+2	-7.531310E+1	9.055889E-1	1.226172E-2	1.185655E-2	1.876337E+0
1.854800E+4	1.549040E+2	-7.474300E+1	9.328979E-1	1.268743E-2	1.214843E-2	1.881840E+0
1.855200E+4	1.506189E+2	-7.388649E+1	9.910390E-1	1.308346E-2	1.249191E-2	1.881517E+0
1.855600E+4	1.460109E+2	-7.345984E+1	1.009913E+0	1.380954E-2	1.285793E-2	1.877399E+0
1.856000E+4	1.414375E+2	-7.160267E+1	1.044793E+0	1.435334E-2	1.329291E-2	1.880116E+0
1.856400E+4	1.368772E+2	-7.107997E+1	1.115578E+0	1.494814E-2	1.372478E-2	1.878610E+0
1.856800E+4	1.316119E+2	-6.974759E+1	1.102988E+0	1.540556E-2	1.427662E-2	1.878973E+0
1.857200E+4	1.303247E+2	-6.825319E+1	1.157026E+0	1.551038E-2	1.443940E-2	1.881811E+0
1.857600E+4	1.265291E+2	-6.658198E+1	1.189433E+0	1.614890E-2	1.483228E-2	1.876715E+0
1.858000E+4	1.228009E+2	-6.633044E+1	1.240673E+0	1.695247E-2	1.529110E-2	1.877761E+0
1.858400E+4	1.189429E+2	-6.513804E+1	1.269198E+0	1.786277E-2	1.582544E-2	1.882324E+0
1.858800E+4	1.137050E+2	-6.499011E+1	1.353654E+0	1.911017E-2	1.653498E-2	1.880110E+0
1.859200E+4	1.075491E+2	-6.285960E+1	1.416380E+0	2.060868E-2	1.741493E-2	1.872961E+0
1.859600E+4	1.029194E+2	-6.116785E+1	1.473146E+0	2.212983E-2	1.823019E-2	1.876240E+0
1.860000E+4	9.797281E+1	-5.884481E+1	1.539642E+0	2.382691E-2	1.912177E-2	1.873413E+0
1.860400E+4	9.339210E+1	-5.722978E+1	1.639604E+0	2.561890E-2	2.002236E-2	1.869930E+0
1.860800E+4	8.867444E+1	-5.361655E+1	1.765761E+0	2.760065E-2	2.102280E-2	1.864185E+0
1.861200E+4	8.373371E+1	-5.156448E+1	1.847483E+0	2.964596E-2	2.215730E-2	1.855313E+0
1.861600E+4	7.929433E+1	-4.697565E+1	1.986087E+0	3.216341E-2	2.324272E-2	1.843016E+0
1.862000E+4	7.445964E+1	-4.375608E+1	2.128021E+0	3.463301E-2	2.454649E-2	1.827722E+0
1.862400E+4	7.043149E+1	-3.998188E+1	2.247527E+0	3.712094E-2	2.574977E-2	1.813594E+0
1.862800E+4	6.551455E+1	-3.409331E+1	2.425631E+0	3.971119E-2	2.723520E-2	1.784302E+0
1.863200E+4	6.158678E+1	-2.749623E+1	2.548613E+0	4.242884E-2	2.847432E-2	1.753642E+0
1.863600E+4	5.822839E+1	-1.922740E+1	2.697982E+0	4.418691E-2	2.936564E-2	1.709914E+0
1.864000E+4	5.610648E+1	-9.073705E+0	2.784416E+0	4.447185E-2	2.963365E-2	1.662640E+0
1.864400E+4	5.558493E+1	9.629619E-1	2.844590E+0	4.368043E-2	2.914342E-2	1.619935E+0
1.864800E+4	5.690213E+1	8.943288E+0	2.827646E+0	4.257081E-2	2.790983E-2	1.588129E+0
1.865200E+4	6.034051E+1	1.540898E+1	2.734793E+0	4.136658E-2	2.606896E-2	1.573015E+0
1.865600E+4	6.399282E+1	2.330619E+1	2.624870E+0	3.940283E-2	2.439417E-2	1.561052E+0
1.866000E+4	6.868571E+1	2.925667E+1	2.554787E+0	3.766863E-2	2.263732E-2	1.554860E+0
1.866400E+4	7.469180E+1	3.488385E+1	2.453463E+0	3.606598E-2	2.080097E-2	1.553662E+0
1.866800E+4	8.158665E+1	3.913224E+1	2.311146E+0	3.457254E-2	1.913216E-2	1.560928E+0
1.867200E+4	8.869198E+1	4.373873E+1	2.247669E+0	3.319718E-2	1.767866E-2	1.567955E+0
1.867600E+4	9.596802E+1	4.714835E+1	2.170352E+0	3.163739E-2	1.637848E-2	1.571810E+0
1.868000E+4	1.047407E+2	5.138315E+1	2.102509E+0	3.034782E-2	1.508930E-2	1.580463E+0
1.868400E+4	1.138434E+2	5.245953E+1	2.013345E+0	2.925774E-2	1.396551E-2	1.589881E+0
1.868800E+4	1.244317E+2	5.514968E+1	1.968513E+0	2.849259E-2	1.283271E-2	1.596797E+0
1.869200E+4	1.348406E+2	5.765516E+1	1.956911E+0	2.782326E-2	1.186126E-2	1.599379E+0
1.869600E+4	1.460982E+2	5.895893E+1	1.937413E+0	2.681414E-2	1.101563E-2	1.609364E+0
1.870000E+4	1.579226E+2	6.061371E+1	1.917419E+0	2.630427E-2	1.023939E-2	1.617031E+0
1.870400E+4	1.724207E+2	6.375984E+1	1.864405E+0	2.587909E-2	9.427113E-3	1.625430E+0
1.870800E+4	1.894336E+2	6.258747E+1	1.849519E+0	2.558785E-2	8.621446E-3	1.633191E+0
1.871200E+4	2.060207E+2	6.307968E+1	1.862253E+0	2.526812E-2	7.952922E-3	1.638466E+0
1.871600E+4	2.241422E+2	6.399527E+1	1.833915E+0	2.492430E-2	7.351679E-3	1.647821E+0
1.872000E+4	2.439319E+2	6.489305E+1	1.877690E+0	2.442428E-2	6.784275E-3	1.654901E+0
1.872400E+4	2.709050E+2	6.421215E+1	1.881066E+0	2.381736E-2	6.157732E-3	1.668160E+0
1.872800E+4	2.946477E+2	6.129274E+1	1.841200E+0	2.303940E-2	5.668606E-3	1.670242E+0
1.873200E+4	3.113317E+2	5.858650E+1	1.789813E+0	2.182372E-2	5.387428E-3	1.677277E+0
1.873600E+4	3.183740E+2	5.403011E+1	1.721274E+0	1.993114E-2	5.288048E-3	1.683577E+0
1.874000E+4	3.210431E+2	5.101208E+1	1.638913E+0	1.774769E-2	5.259737E-3	1.688602E+0
1.874400E+4	3.238676E+2	5.249074E+1	1.445530E+0	1.568145E-2	5.199625E-3	1.683990E+0
1.874800E+4	3.244927E+2	5.136770E+1	1.314584E+0	1.397742E-2	5.200412E-3	1.687496E+0
1.875200E+4	3.310060E+2	5.350331E+1	1.192141E+0	1.229621E-2	5.087950E-3	1.684142E+0
1.875600E+4	3.373803E+2	5.297071E+1	1.093171E+0	1.118892E-2	4.997331E-3	1.686001E+0
1.876000E+4	3.512926E+2	5.407019E+1	9.785397E-1	1.080006E-2	4.804678E-3	1.687848E+0
1.876400E+4	3.631137E+2	5.642299E+1	9.064301E-1	1.037753E-2	4.669011E-3	1.695382E+0
1.876800E+4	3.774634E+2	5.736937E+1	8.611209E-1	1.036568E-2	4.496736E-3	1.697353E+0
1.877200E+4	3.858780E+2	6.005491E+1	8.441039E-1	1.007096E-2	4.405344E-3	1.699926E+0
1.877600E+4	3.976154E+2	6.044584E+1	8.087623E-1	9.874593E-3	4.273259E-3	1.699113E+0
1.878000E+4	4.271741E+2	5.778611E+1	8.270721E-1	9.908726E-3	3.986396E-3	1.702886E+0
1.878400E+4	4.482474E+2	6.143967E+1	7.661130E-1	1.000085E-2	3.815967E-3	1.710497E+0
1.878800E+4	4.575795E+2	5.868520E+1	7.837875E-1	1.018663E-2	3.739320E-3	1.711036E+0
1.879200E+4	4.726362E+2	6.431651E+1	7.569163E-1	9.988427E-3	3.626253E-3	1.713899E+0
1.879600E+4	5.073009E+2	6.270769E+1	7.544124E-1	1.003407E-2	3.383942E-3	1.716677E+0
1.880000E+4	5.138425E+2	6.340841E+1	7.665114E-1	1.012502E-2	3.343901E-3	1.718238E+0
1.880400E+4	5.402000E+2	6.492164E+1	7.435116E-1	1.038376E-2	3.191546E-3	1.724073E+0
1.880800E+4	5.924504E+2	6.341384E+1	7.312548E-1	1.022406E-2	2.914171E-3	1.726502E+0
1.881200E+4	6.117386E+2	6.343016E+1	7.416751E-1	1.010571E-2	2.825681E-3	1.728578E+0
1.881600E+4	6.204151E+2	6.485390E+1	7.486996E-1	1.011990E-2	2.791476E-3	1.731874E+0
1.882000E+4	6.748198E+2	6.221646E+1	7.303618E-1	1.017906E-2	2.564331E-3	1.730461E+0
1.882400E+4	6.930051E+2	6.074300E+1	7.092835E-1	1.001073E-2	2.502636E-3	1.734339E+0
1.882800E+4	7.548696E+2	6.463090E+1	7.293514E-1	9.860002E-3	2.296530E-3	1.733581E+0
1.883200E+4	7.481660E+2	6.606828E+1	7.224530E-1	9.879854E-3	2.323537E-3	1.738391E+0
1.883600E+4	7.864086E+2	6.423283E+1	7.006868E-1	9.572581E-3	2.217013E-3	1.743478E+0
1.884000E+4	8.118898E+2	6.161674E+1	6.861933E-1	9.617781E-3	2.146638E-3	1.742833E+0
1.884400E+4	9.305797E+2	5.982256E+1	7.219957E-1	9.422196E-3	1.873699E-3	1.743626E+0
1.884800E+4	9.486199E+2	5.935197E+1	7.191768E-1	9.230828E-3	1.845119E-3	1.750317E+0
1.885200E+4	1.014887E+3	6.125449E+1	6.955267E-1	8.707913E-3	1.720378E-3	1.745990E+0
1.885600E+4	1.025071E+3	5.778392E+1	7.164946E-1	8.638350E-3	1.706654E-3	1.749441E+0
1.886000E+4	1.033303E+3	6.041461E+1	6.928838E-1	8.299907E-3	1.696204E-3	1.752693E+0
1.886400E+4	1.016848E+3	5.824092E+1	7.081992E-1	7.831207E-3	1.724200E-3	1.753249E+0
1.886800E+4	1.082643E+3	5.877078E+1	6.996444E-1	7.504479E-3	1.618544E-3	1.752305E+0
1.887200E+4	1.183410E+3	5.325713E+1	6.829342E-1	7.655809E-3	1.482064E-3	1.753890E+0
1.887600E+4	1.094661E+3	5.781230E+1	6.623902E-1	7.966212E-3	1.604195E-3	1.756050E+0
1.888000E+4	1.158696E+3	6.592539E+1	6.996503E-1	8.576676E-3	1.514927E-3	1.755340E+0
1.888400E+4	1.221239E+3	5.545469E+1	6.938080E-1	8.567019E-3	1.435869E-3	1.753539E+0
1.888800E+4	1.383630E+3	5.060714E+1	6.832138E-1	8.790161E-3	1.271570E-3	1.759382E+0
1.889200E+4	1.375534E+3	6.024999E+1	6.698113E-1	8.833535E-3	1.280139E-3	1.760874E+0
1.889600E+4	1.394948E+3	6.033656E+1	6.952812E-1	8.963523E-3	1.264048E-3	1.763282E+0
1.890000E+4	1.611594E+3	5.969854E+1	6.925897E-1	8.682809E-3	1.094739E-3	1.764274E+0
1.890400E+4	1.644592E+3	5.586390E+1	6.539481E-1	8.866305E-3	1.070933E-3	1.761248E+0
1.890800E+4	1.734648E+3	4.741537E+1	6.603720E-1	8.659824E-3	1.015464E-3	1.761473E+0
1.891200E+4	1.852295E+3	5.696646E+1	6.477035E-1	8.979290E-3	9.528153E-4	1.764895E+0
1.891600E+4	1.904027E+3	6.086348E+1	6.400460E-1	8.921798E-3	9.263514E-4	1.763798E+0
1.892000E+4	2.467819E+3	5.148481E+1	6.919617E-1	8.797101E-3	7.172497E-4	1.770042E+0
1.892400E+4	2.317969E+3	4.130926E+1	6.584364E-1	8.373381E-3	7.645031E-4	1.772094E+0
1.892800E+4	2.343135E+3	6.261617E+1	6.435878E-1	8.557996E-3	7.562255E-4	1.771939E+0
1.893200E+4	2.500997E+3	5.472831E+1	6.711478E-1	8.603338E-3	7.082989E-4	1.771454E+0
1.893600E+4	3.297746E+3	4.765374E+1	6.796309E-1	8.414588E-3	5.375005E-4	1.772540E+0
1.894000E+4	3.435554E+3	2.535556E+1	6.793697E-1	8.561037E-3	5.149494E-4	1.769137E+0
1.894400E+4	3.390807E+3	4.638644E+1	6.225412E-1	8.311413E-3	5.237361E-4	1.775888E+0
1.894800E+4	3.134583E+3	3.422570E+1	6.466113E-1	8.269684E-3	5.656663E-4	1.773128E+0
1.895200E+4	3.777347E+3	3.223906E+1	6.554763E-1	8.296885E-3	4.705379E-4	1.777385E+0
1.895600E+4	3.659749E+3	4.390882E+1	6.387205E-1	8.510145E-3	4.854656E-4	1.776682E+0
1.896000E+4	4.419167E+3	1.390089E+1	6.405926E-1	8.346921E-3	4.009489E-4	1.771860E+0
1.896400E+4	4.499097E+3	2.563333E+1	6.651695E-1	8.487556E-3	3.946106E-4	1.775391E+0
1.896800E+4	5.313332E+3	1.349139E+1	6.488612E-1	8.424495E-3	3.346615E-4	1.778168E+0
1.897200E+4	4.509357E+3	4.200528E+1	6.610810E-1	8.496272E-3	3.939155E-4	1.776306E+0
1.897600E+4	4.348425E+3	1.335804E+1	6.632558E-1	8.217341E-3	4.091861E-4	1.779315E+0
1.898000E+4	6.593694E+3	-7.923522E+0	6.475686E-1	8.415868E-3	2.693777E-4	1.776194E+0
1.898400E+4	6.256812E+3	-3.535519E+1	6.207066E-1	8.371414E-3	2.848456E-4	1.782226E+0
1.898800E+4	5.544654E+3	-3.752930E+1	6.480451E-1	8.466545E-3	3.215555E-4	1.782914E+0
1.899200E+4	6.453667E+3	-8.770396E+0	6.448864E-1	8.502549E-3	2.755086E-4	1.778041E+0
1.899600E+4	3.935721E+3	-2.103770E+1	6.444501E-1	8.506519E-3	4.532151E-4	1.783728E+0
1.900000E+4	4.824813E+3	-3.028529E+1	6.385317E-1	8.613240E-3	3.679946E-4	1.775505E+0
1.900400E+4	5.497594E+3	-4.286623E+1	6.335412E-1	8.646555E-3	3.249548E-4	1.786470E+0
1.900800E+4	5.069652E+3	-5.181670E+1	6.267744E-1	8.684654E-3	3.515141E-4	1.782054E+0
1.901200E+4	4.207017E+3	-3.074887E+1	6.196065E-1	8.975563E-3	4.235081E-4	1.781705E+0
1.901600E+4	3.560476E+3	-3.700527E+1	6.553012E-1	8.932194E-3	4.994267E-4	1.778197E+0
1.902000E+4	3.266138E+3	-4.928199E+1	6.262658E-1	9.118025E-3	5.466181E-4	1.785330E+0
1.902400E+4	4.690022E+3	-5.332181E+1	6.411831E-1	9.044308E-3	3.796683E-4	1.780652E+0
1.902800E+4	4.254116E+3	-5.811729E+1	6.362346E-1	9.348961E-3	4.186603E-4	1.781030E+0
1.903200E+4	3.248281E+3	-6.547760E+1	6.431160E-1	9.414389E-3	5.492124E-4	1.783996E+0
1.903600E+4	3.820412E+3	-5.137566E+1	6.206884E-1	9.369471E-3	4.675805E-4	1.786350E+0
1.904000E+4	4.246084E+3	-5.355702E+1	6.509801E-1	9.458221E-3	4.202350E-4	1.784353E+0
1.904400E+4	3.455581E+3	-8.023847E+1	6.078264E-1	9.764217E-3	5.154245E-4	1.781091E+0
1.904800E+4	3.435115E+3	-6.283445E+1	6.406092E-1	9.419956E-3	5.196202E-4	1.784955E+0
1.905200E+4	2.889349E+3	-6.753542E+1	6.084860E-1	9.695362E-3	6.172935E-4	1.783576E+0
1.905600E+4	2.654846E+3	-5.934846E+1	6.379504E-1	9.576776E-3	6.724963E-4	1.785374E+0
1.906000E+4	2.672403E+3	-5.291740E+1	6.000341E-1	9.735143E-3	6.684304E-4	1.786315E+0
1.906400E+4	2.501472E+3	-7.169592E+1	6.315738E-1	9.927955E-3	7.141997E-4	1.786550E+0
1.906800E+4	2.611054E+3	-6.292730E+1	6.231073E-1	9.849194E-3	6.830838E-4	1.783569E+0
1.907200E+4	2.587227E+3	-5.624946E+1	6.098327E-1	9.972516E-3	6.914572E-4	1.788957E+0
1.907600E+4	2.304044E+3	-7.158153E+1	5.947607E-1	9.987149E-3	7.746334E-4	1.784790E+0
1.908000E+4	2.906661E+3	-7.413934E+1	5.901170E-1	1.007475E-2	6.147061E-4	1.786742E+0
1.908400E+4	2.602395E+3	-7.455566E+1	6.087874E-1	9.873258E-3	6.882603E-4	1.791125E+0
1.908800E+4	2.485374E+3	-6.913032E+1	6.298349E-1	1.024568E-2	7.193769E-4	1.787920E+0
1.909200E+4	2.239906E+3	-7.066098E+1	5.995559E-1	1.016419E-2	7.983966E-4	1.788333E+0
1.909600E+4	2.119750E+3	-6.931802E+1	5.838149E-1	1.025590E-2	8.432764E-4	1.787536E+0
1.910000E+4	2.231717E+3	-6.795837E+1	6.449320E-1	1.017944E-2	8.030925E-4	1.792275E+0
1.910400E+4	2.371676E+3	-7.524171E+1	6.214904E-1	1.024035E-2	7.529790E-4	1.785822E+0
1.910800E+4	2.262762E+3	-7.602503E+1	5.943484E-1	1.030152E-2	7.904919E-4	1.788695E+0
1.911200E+4	2.102742E+3	-7.463471E+1	6.427926E-1	1.016370E-2	8.509419E-4	1.789311E+0
1.911600E+4	1.791993E+3	-7.871010E+1	6.415417E-1	1.052335E-2	9.982786E-4	1.788908E+0
1.912000E+4	1.802674E+3	-7.072688E+1	6.032372E-1	1.022746E-2	9.903451E-4	1.785269E+0
1.912400E+4	1.744704E+3	-7.945450E+1	5.999832E-1	1.039032E-2	1.027043E-3	1.791886E+0
1.912800E+4	2.035609E+3	-8.384126E+1	6.103984E-1	1.021140E-2	8.798151E-4	1.790959E+0
1.913200E+4	1.730958E+3	-7.262065E+1	6.371551E-1	1.038322E-2	1.034743E-3	1.791097E+0
1.913600E+4	1.999370E+3	-8.553737E+1	5.903531E-1	1.029242E-2	8.968493E-4	1.793133E+0
1.914000E+4	1.762515E+3	-6.831287E+1	6.267620E-1	1.019090E-2	1.012189E-3	1.783997E+0
1.914400E+4	1.916495E+3	-7.993343E+1	6.125966E-1	1.030012E-2	9.358808E-4	1.793611E+0
1.914800E+4	1.664617E+3	-7.676239E+1	5.998416E-1	1.038114E-2	1.075712E-3	1.790649E+0
1.915200E+4	1.663046E+3	-7.636329E+1	5.797428E-1	1.031030E-2	1.075116E-3	1.787968E+0
1.915600E+4	1.657949E+3	-8.449508E+1	6.424060E-1	1.018400E-2	1.076597E-3	1.784942E+0
1.916000E+4	1.788539E+3	-7.875906E+1	6.213279E-1	1.016147E-2	9.985841E-4	1.786007E+0
1.916400E+4	1.613369E+3	-7.808466E+1	6.131852E-1	1.014148E-2	1.110340E-3	1.791388E+0
1.916800E+4	1.477445E+3	-8.342278E+1	6.088625E-1	1.015672E-2	1.211607E-3	1.790082E+0
1.917200E+4	1.540663E+3	-7.978465E+1	6.367952E-1	1.030299E-2	1.161857E-3	1.790030E+0
1.917600E+4	1.651887E+3	-8.215849E+1	5.925060E-1	1.026560E-2	1.084055E-3	1.790736E+0
1.918000E+4	1.688493E+3	-8.140527E+1	5.968675E-1	1.045022E-2	1.060696E-3	1.790977E+0
1.918400E+4	1.610625E+3	-8.288466E+1	6.060140E-1	1.035596E-2	1.110383E-3	1.788410E+0
1.918800E+4	1.596135E+3	-8.709319E+1	6.179066E-1	1.015866E-2	1.122136E-3	1.791081E+0
1.919200E+4	1.515417E+3	-8.739960E+1	6.289652E-1	1.017942E-2	1.181326E-3	1.790201E+0
1.919600E+4	1.649436E+3	-8.314218E+1	6.404540E-1	9.975510E-3	1.083988E-3	1.787969E+0
1.920000E+4	1.584819E+3	-7.542818E+1	6.017267E-1	1.023756E-2	1.132441E-3	1.794713E+0
1.920400E+4	1.513939E+3	-8.956725E+1	6.156229E-1	1.032136E-2	1.183558E-3	1.791835E+0
1.920800E+4	1.443953E+3	-7.385327E+1	5.992874E-1	1.046932E-2	1.241322E-3	1.792411E+0
1.921200E+4	1.459998E+3	-8.809766E+1	5.936536E-1	1.037599E-2	1.226803E-3	1.791131E+0
1.921600E+4	1.373806E+3	-8.070779E+1	6.162486E-1	1.046328E-2	1.302185E-3	1.788949E+0
1.922000E+4	1.505690E+3	-8.635943E+1	5.964618E-1	1.045154E-2	1.190592E-3	1.792663E+0
1.922400E+4	1.484337E+3	-8.664323E+1	6.237489E-1	1.044514E-2	1.205866E-3	1.789911E+0
1.922800E+4	1.411088E+3	-8.492467E+1	6.021106E-1	1.045000E-2	1.270154E-3	1.792300E+0
1.923200E+4	1.383414E+3	-8.098233E+1	6.014892E-1	1.065702E-2	1.294724E-3	1.791139E+0
1.923600E+4	1.247604E+3	-8.727116E+1	6.367067E-1	1.072312E-2	1.435109E-3	1.790447E+0
1.924000E+4	1.294305E+3	-8.311241E+1	6.123168E-1	1.072074E-2	1.384365E-3	1.791791E+0
1.924400E+4	1.272053E+3	-8.423750E+1	6.119321E-1	1.070001E-2	1.409370E-3	1.792792E+0
1.924800E+4	1.353279E+3	-8.180175E+1	6.315050E-1	1.079403E-2	1.327052E-3	1.795872E+0
1.925200E+4	1.239562E+3	-8.772749E+1	6.243036E-1	1.083397E-2	1.445708E-3	1.792045E+0
1.925600E+4	1.189168E+3	-8.592837E+1	6.182360E-1	1.077619E-2	1.506244E-3	1.791177E+0
1.926000E+4	1.332062E+3	-8.256831E+1	6.136617E-1	1.072051E-2	1.344715E-3	1.791243E+0
1.926400E+4	1.261632E+3	-8.122291E+1	6.232924E-1	1.059452E-2	1.420459E-3	1.792097E+0
1.926800E+4	1.323969E+3	-8.716969E+1	5.991233E-1	1.072948E-2	1.354563E-3	1.793400E+0
1.927200E+4	1.207904E+3	-8.575959E+1	6.430669E-1	1.059153E-2	1.482913E-3	1.791216E+0
1.927600E+4	1.187756E+3	-8.099551E+1	6.400779E-1	1.074061E-2	1.507620E-3	1.790685E+0
1.928000E+4	1.284624E+3	-9.112888E+1	6.111226E-1	1.054119E-2	1.397102E-3	1.794750E+0
1.928400E+4	1.271375E+3	-8.759710E+1	6.335286E-1	1.041638E-2	1.411634E-3	1.794716E+0
1.928800E+4	1.128472E+3	-8.745235E+1	5.976344E-1	1.057514E-2	1.591695E-3	1.796183E+0
1.929200E+4	1.157327E+3	-8.440971E+1	6.326259E-1	1.033088E-2	1.550574E-3	1.794521E+0
1.929600E+4	1.128904E+3	-8.443589E+1	6.013943E-1	1.034173E-2	1.586686E-3	1.791216E+0
1.930000E+4	1.216884E+3	-8.218883E+1	6.438308E-1	1.041106E-2	1.475564E-3	1.795590E+0
1.930400E+4	1.233403E+3	-8.615044E+1	6.426526E-1	1.024716E-2	1.454078E-3	1.793464E+0
1.930800E+4	1.242745E+3	-8.820899E+1	6.096674E-1	1.033585E-2	1.443067E-3	1.793365E+0
1.931200E+4	1.134949E+3	-9.342564E+1	6.270867E-1	1.019232E-2	1.580982E-3	1.794335E+0
1.931600E+4	1.090047E+3	-8.640385E+1	6.071430E-1	1.017152E-2	1.645451E-3	1.793620E+0
1.932000E+4	1.180955E+3	-8.418815E+1	6.261271E-1	1.017525E-2	1.520092E-3	1.795159E+0
1.932400E+4	1.089483E+3	-8.653918E+1	6.400350E-1	1.011842E-2	1.648133E-3	1.795612E+0
1.932800E+4	1.127533E+3	-8.970382E+1	6.029119E-1	1.022878E-2	1.593323E-3	1.796525E+0
1.933200E+4	1.069496E+3	-8.372193E+1	6.605795E-1	1.007618E-2	1.679285E-3	1.795989E+0
1.933600E+4	1.056131E+3	-8.411332E+1	6.561345E-1	1.013357E-2	1.698419E-3	1.793754E+0
1.934000E+4	1.112860E+3	-8.911265E+1	6.414798E-1	1.020085E-2	1.612047E-3	1.793983E+0
1.934400E+4	1.111035E+3	-8.134205E+1	6.503035E-1	1.011357E-2	1.614673E-3	1.793957E+0
1.934800E+4	1.140286E+3	-8.805141E+1	6.341554E-1	1.003704E-2	1.574488E-3	1.795368E+0
1.935200E+4	1.155481E+3	-8.680923E+1	6.388014E-1	1.013972E-2	1.551264E-3	1.792456E+0
1.935600E+4	1.024446E+3	-8.710832E+1	6.598944E-1	1.014980E-2	1.750904E-3	1.793707E+0
1.936000E+4	1.026605E+3	-8.437656E+1	6.311660E-1	9.996394E-3	1.748555E-3	1.795075E+0
1.936400E+4	1.136765E+3	-8.683713E+1	6.358063E-1	1.012794E-2	1.578170E-3	1.794009E+0
1.936800E+4	1.105259E+3	-8.911934E+1	6.522732E-1	1.004811E-2	1.622150E-3	1.792896E+0
1.937200E+4	1.102298E+3	-9.326680E+1	6.699022E-1	1.001821E-2	1.629903E-3	1.796639E+0
1.937600E+4	1.018535E+3	-8.686929E+1	6.530100E-1	1.012556E-2	1.759444E-3	1.792055E+0
1.938000E+4	1.008178E+3	-8.895068E+1	6.483101E-1	1.007938E-2	1.778144E-3	1.792685E+0
1.938400E+4	1.067441E+3	-8.281109E+1	6.662455E-1	1.003513E-2	1.681958E-3	1.795390E+0
1.938800E+4	1.064122E+3	-8.956439E+1	6.341488E-1	1.007701E-2	1.685069E-3	1.793119E+0
1.939200E+4	1.010451E+3	-8.780113E+1	6.815059E-1	9.959608E-3	1.777185E-3	1.795758E+0
1.939600E+4	9.910542E+2	-8.356133E+1	6.477130E-1	1.003579E-2	1.808922E-3	1.792740E+0
1.940000E+4	1.025176E+3	-9.001820E+1	6.546305E-1	1.002265E-2	1.751000E-3	1.795083E+0
1.940400E+4	9.672430E+2	-8.371178E+1	6.660432E-1	1.010401E-2	1.855135E-3	1.794366E+0
1.940800E+4	1.056009E+3	-8.853292E+1	6.619071E-1	9.922246E-3	1.699574E-3	1.794765E+0
1.941200E+4	9.607092E+2	-8.879982E+1	6.463634E-1	1.008185E-2	1.866111E-3	1.792790E+0
1.941600E+4	1.014136E+3	-8.894486E+1	6.673771E-1	9.947399E-3	1.772773E-3	1.797834E+0
1.942000E+4	9.367142E+2	-8.615231E+1	6.650696E-1	9.977074E-3	1.916082E-3	1.794822E+0
1.942400E+4	1.022530E+3	-8.797339E+1	6.892136E-1	1.008661E-2	1.755541E-3	1.795093E+0
1.942800E+4	9.741378E+2	-8.160988E+1	6.674984E-1	1.003369E-2	1.843873E-3	1.796187E+0
1.943200E+4	9.488929E+2	-8.526141E+1	7.014490E-1	9.926630E-3	1.892456E-3	1.795738E+0
1.943600E+4	9.450627E+2	-8.835526E+1	6.566576E-1	1.003083E-2	1.898549E-3	1.794248E+0
1.944000E+4	9.397468E+2	-8.565142E+1	6.842678E-1	9.920594E-3	1.908035E-3	1.793070E+0
1.944400E+4	9.808522E+2	-8.361755E+1	6.919365E-1	9.974744E-3	1.828975E-3	1.793954E+0
1.944800E+4	1.020291E+3	-8.919876E+1	7.054299E-1	9.933841E-3	1.761084E-3	1.796818E+0
1.945200E+4	9.379351E+2	-8.427200E+1	6.655232E-1	9.964876E-3	1.913592E-3	1.794825E+0
1.945600E+4	9.571207E+2	-8.583717E+1	7.110887E-1	9.790875E-3	1.877730E-3	1.797214E+0
1.946000E+4	9.565041E+2	-8.496412E+1	6.961010E-1	9.828630E-3	1.876930E-3	1.795291E+0
1.946400E+4	9.400533E+2	-9.070861E+1	7.114047E-1	9.983649E-3	1.910729E-3	1.796187E+0
1.946800E+4	9.604193E+2	-9.118264E+1	7.011738E-1	9.992018E-3	1.871985E-3	1.797890E+0
1.947200E+4	9.279707E+2	-9.119167E+1	7.029042E-1	9.929232E-3	1.936369E-3	1.796893E+0
1.947600E+4	9.873146E+2	-8.717957E+1	7.129356E-1	9.811285E-3	1.818535E-3	1.795466E+0
1.948000E+4	9.055317E+2	-8.567699E+1	7.085726E-1	9.806192E-3	1.982838E-3	1.795523E+0
1.948400E+4	9.771530E+2	-8.594629E+1	6.888036E-1	9.789581E-3	1.835681E-3	1.793742E+0
1.948800E+4	9.420253E+2	-9.053444E+1	7.356690E-1	9.872151E-3	1.903665E-3	1.793300E+0
1.949200E+4	9.694713E+2	-9.051867E+1	6.991423E-1	9.672605E-3	1.854857E-3	1.798231E+0
1.949600E+4	9.127594E+2	-9.082468E+1	7.232980E-1	9.685225E-3	1.965048E-3	1.793616E+0
1.950000E+4	8.747481E+2	-8.314523E+1	7.141854E-1	9.544823E-3	2.049662E-3	1.792938E+0
1.950400E+4	8.900288E+2	-8.566227E+1	7.243156E-1	9.484973E-3	2.016489E-3	1.794733E+0
1.950800E+4	9.373647E+2	-8.729322E+1	6.918969E-1	9.600136E-3	1.913062E-3	1.793237E+0
1.951200E+4	8.685618E+2	-8.704556E+1	7.176874E-1	9.498128E-3	2.064775E-3	1.793385E+0
1.951600E+4	9.105496E+2	-8.898718E+1	7.167100E-1	9.466615E-3	1.970658E-3	1.794382E+0
1.952000E+4	8.944634E+2	-9.003139E+1	7.410558E-1	9.342691E-3	2.008421E-3	1.796459E+0
1.952400E+4	8.728732E+2	-8.385724E+1	7.180379E-1	9.237062E-3	2.060048E-3	1.798161E+0
1.952800E+4	9.106207E+2	-8.939091E+1	7.550781E-1	9.189988E-3	1.973375E-3	1.796996E+0
1.953200E+4	9.005075E+2	-9.107241E+1	7.372264E-1	9.008573E-3	1.990671E-3	1.792614E+0
1.953600E+4	9.081198E+2	-8.532228E+1	7.419465E-1	9.093013E-3	1.981260E-3	1.799221E+0
1.954000E+4	8.313113E+2	-8.944570E+1	7.529481E-1	9.014486E-3	2.162257E-3	1.797509E+0
1.954400E+4	9.171837E+2	-8.577313E+1	7.705010E-1	9.043777E-3	1.958118E-3	1.795954E+0
1.954800E+4	8.621123E+2	-8.567078E+1	7.384117E-1	9.249215E-3	2.079280E-3	1.792573E+0
1.955200E+4	8.625388E+2	-8.726417E+1	7.507108E-1	9.402628E-3	2.084871E-3	1.798282E+0
1.955600E+4	8.813728E+2	-8.705267E+1	7.493376E-1	9.614790E-3	2.036980E-3	1.795339E+0
1.956000E+4	8.631519E+2	-8.948698E+1	7.685137E-1	9.969663E-3	2.080327E-3	1.795638E+0
1.956400E+4	8.830340E+2	-8.751511E+1	7.496577E-1	1.018931E-2	2.034155E-3	1.796228E+0
1.956800E+4	8.186166E+2	-8.665040E+1	8.075569E-1	1.030474E-2	2.193369E-3	1.795528E+0
1.957200E+4	8.715402E+2	-8.947452E+1	7.834811E-1	1.042881E-2	2.060168E-3	1.795519E+0
1.957600E+4	8.709556E+2	-8.897061E+1	8.030956E-1	1.051483E-2	2.065587E-3	1.799034E+0
1.958000E+4	8.662442E+2	-8.753225E+1	7.868648E-1	1.060227E-2	2.074937E-3	1.797402E+0
1.958400E+4	8.144648E+2	-8.970952E+1	8.115923E-1	1.058152E-2	2.208417E-3	1.798678E+0
1.958800E+4	8.810766E+2	-8.823074E+1	8.273075E-1	1.060914E-2	2.038335E-3	1.795930E+0
1.959200E+4	8.448087E+2	-8.393150E+1	8.364404E-1	1.060070E-2	2.125720E-3	1.795827E+0
1.959600E+4	8.002161E+2	-9.007370E+1	8.229595E-1	1.060306E-2	2.240264E-3	1.792695E+0
1.960000E+4	8.421125E+2	-8.929113E+1	8.285012E-1	1.077991E-2	2.134424E-3	1.797426E+0
1.960400E+4	8.310661E+2	-8.664716E+1	8.433695E-1	1.076414E-2	2.162269E-3	1.796988E+0
1.960800E+4	8.123218E+2	-8.926669E+1	8.159546E-1	1.081007E-2	2.206674E-3	1.792530E+0
1.961200E+4	8.066793E+2	-8.884338E+1	8.605153E-1	1.090045E-2	2.231519E-3	1.800120E+0
1.961600E+4	8.175891E+2	-8.597013E+1	8.662186E-1	1.107986E-2	2.193875E-3	1.793688E+0
1.962000E+4	8.355040E+2	-8.877029E+1	8.478348E-1	1.102306E-2	2.152051E-3	1.798047E+0
1.962400E+4	8.256591E+2	-8.368330E+1	8.914453E-1	1.112324E-2	2.172576E-3	1.793807E+0
1.962800E+4	7.861555E+2	-8.727908E+1	8.788697E-1	1.118412E-2	2.285015E-3	1.796377E+0
1.963200E+4	7.726376E+2	-8.945711E+1	9.009995E-1	1.135262E-2	2.323371E-3	1.795124E+0
1.963600E+4	7.867844E+2	-8.621826E+1	9.070235E-1	1.165940E-2	2.280655E-3	1.794384E+0
1.964000E+4	7.987437E+2	-8.568648E+1	8.945365E-1	1.158215E-2	2.250319E-3	1.797428E+0
1.964400E+4	7.679127E+2	-8.966322E+1	9.022738E-1	1.180978E-2	2.343445E-3	1.799561E+0
1.964800E+4	7.963845E+2	-8.502760E+1	9.199328E-1	1.190436E-2	2.259423E-3	1.799370E+0
1.965200E+4	8.055765E+2	-8.499693E+1	9.392892E-1	1.195378E-2	2.227975E-3	1.794804E+0
1.965600E+4	7.957100E+2	-8.898623E+1	9.408646E-1	1.217785E-2	2.258454E-3	1.797075E+0
1.966000E+4	7.880566E+2	-8.270671E+1	9.281864E-1	1.238565E-2	2.279877E-3	1.796672E+0
1.966400E+4	7.508141E+2	-8.752764E+1	9.596255E-1	1.267019E-2	2.393922E-3	1.797390E+0
1.966800E+4	7.907589E+2	-8.443114E+1	1.004921E+0	1.276224E-2	2.272516E-3	1.797012E+0
1.967200E+4	7.692338E+2	-8.680215E+1	9.952231E-1	1.307043E-2	2.332401E-3	1.794162E+0
1.967600E+4	7.883008E+2	-8.795044E+1	1.000635E+0	1.322713E-2	2.279988E-3	1.797317E+0
1.968000E+4	7.568607E+2	-8.746067E+1	1.047868E+0	1.352203E-2	2.373734E-3	1.796586E+0
1.968400E+4	7.357194E+2	-8.242940E+1	1.038665E+0	1.372875E-2	2.443825E-3	1.797969E+0
1.968800E+4	7.303232E+2	-8.799837E+1	1.061347E+0	1.405881E-2	2.456368E-3	1.793942E+0
1.969200E+4	7.294066E+2	-9.008071E+1	1.081954E+0	1.435651E-2	2.469051E-3	1.800942E+0
1.969600E+4	7.280029E+2	-8.641598E+1	1.084943E+0	1.476445E-2	2.469217E-3	1.797597E+0
1.970000E+4	7.535062E+2	-8.414478E+1	1.108114E+0	1.493110E-2	2.388143E-3	1.799480E+0
1.970400E+4	7.594554E+2	-8.075915E+1	1.146363E+0	1.532284E-2	2.367374E-3	1.797915E+0
1.970800E+4	7.178605E+2	-9.157789E+1	1.163971E+0	1.568274E-2	2.505645E-3	1.798704E+0
1.971200E+4	7.470987E+2	-8.427512E+1	1.181984E+0	1.604028E-2	2.405509E-3	1.797153E+0
1.971600E+4	7.340185E+2	-8.790330E+1	1.181523E+0	1.646377E-2	2.449857E-3	1.798241E+0
1.972000E+4	7.321857E+2	-8.524223E+1	1.234524E+0	1.708759E-2	2.457491E-3	1.799340E+0
1.972400E+4	6.818986E+2	-8.661951E+1	1.229295E+0	1.739782E-2	2.634543E-3	1.796491E+0
1.972800E+4	7.322002E+2	-8.458293E+1	1.239907E+0	1.796643E-2	2.459655E-3	1.800960E+0
1.973200E+4	7.240195E+2	-8.949493E+1	1.293702E+0	1.854762E-2	2.482146E-3	1.797122E+0
1.973600E+4	7.116290E+2	-8.223474E+1	1.325182E+0	1.913416E-2	2.526051E-3	1.797611E+0
1.974000E+4	7.077433E+2	-8.330219E+1	1.352745E+0	1.964143E-2	2.542620E-3	1.799522E+0
1.974400E+4	6.794393E+2	-8.474638E+1	1.423751E+0	2.032215E-2	2.649420E-3	1.800120E+0
1.974800E+4	6.952064E+2	-8.480279E+1	1.461918E+0	2.085336E-2	2.586996E-3	1.798496E+0
1.975200E+4	6.738888E+2	-8.527097E+1	1.490057E+0	2.152711E-2	2.665470E-3	1.796230E+0
1.975600E+4	6.732619E+2	-8.095671E+1	1.510343E+0	2.233234E-2	2.670263E-3	1.797787E+0
1.976000E+4	6.586118E+2	-8.417293E+1	1.588255E+0	2.318932E-2	2.730690E-3	1.798465E+0
1.976400E+4	6.460965E+2	-8.082619E+1	1.642019E+0	2.389889E-2	2.785880E-3	1.799948E+0
1.976800E+4	6.402247E+2	-8.352551E+1	1.711160E+0	2.475959E-2	2.812262E-3	1.800480E+0
1.977200E+4	6.570775E+2	-8.387250E+1	1.752960E+0	2.567080E-2	2.741787E-3	1.801566E+0
1.977600E+4	6.144645E+2	-8.422793E+1	1.838239E+0	2.684097E-2	2.931167E-3	1.801098E+0
1.978000E+4	6.062549E+2	-8.199865E+1	1.937484E+0	2.757576E-2	2.970356E-3	1.800793E+0
1.978400E+4	6.052990E+2	-7.643031E+1	1.992453E+0	2.889442E-2	2.975813E-3	1.801256E+0
1.978800E+4	6.121889E+2	-7.991483E+1	2.109790E+0	2.996396E-2	2.944801E-3	1.802774E+0
1.979200E+4	5.893250E+2	-8.227538E+1	2.195415E+0	3.139834E-2	3.050375E-3	1.797662E+0
1.979600E+4	5.750085E+2	-8.091486E+1	2.306890E+0	3.261286E-2	3.126459E-3	1.797740E+0
1.980000E+4	5.647642E+2	-8.224856E+1	2.424700E+0	3.420644E-2	3.183174E-3	1.797743E+0
1.980400E+4	5.601699E+2	-7.428680E+1	2.607483E+0	3.586704E-2	3.208651E-3	1.797389E+0
1.980800E+4	5.672034E+2	-7.572166E+1	2.714963E+0	3.762500E-2	3.169591E-3	1.797803E+0
1.981200E+4	5.577873E+2	-7.295728E+1	2.923496E+0	3.978206E-2	3.222611E-3	1.797531E+0
1.981600E+4	5.299232E+2	-6.725852E+1	3.107411E+0	4.216024E-2	3.387895E-3	1.795324E+0
1.982000E+4	5.397570E+2	-6.901565E+1	3.342487E+0	4.442623E-2	3.322749E-3	1.793477E+0
1.982400E+4	5.119559E+2	-6.549105E+1	3.534122E+0	4.730764E-2	3.502541E-3	1.793146E+0
1.982800E+4	5.312399E+2	-6.269418E+1	3.760542E+0	5.010865E-2	3.369340E-3	1.789928E+0
1.983200E+4	5.183023E+2	-5.779976E+1	4.033463E+0	5.279519E-2	3.449072E-3	1.787662E+0
1.983600E+4	5.343608E+2	-5.344133E+1	4.245993E+0	5.524158E-2	3.336761E-3	1.783035E+0
1.984000E+4	5.357621E+2	-4.755718E+1	4.444646E+0	5.664886E-2	3.317837E-3	1.777571E+0
1.984400E+4	5.835873E+2	-4.216357E+1	4.550100E+0	5.735226E-2	3.043714E-3	1.776273E+0
1.984800E+4	6.490555E+2	-3.836432E+1	4.584661E+0	5.658244E-2	2.725361E-3	1.768911E+0
1.985200E+4	6.837628E+2	-3.570686E+1	4.465726E+0	5.443566E-2	2.582597E-3	1.765884E+0
1.985600E+4	7.829704E+2	-3.457238E+1	4.288890E+0	5.131082E-2	2.251591E-3	1.762929E+0
1.986000E+4	9.048289E+2	-3.870450E+1	4.062398E+0	4.723440E-2	1.950884E-3	1.765216E+0
1.986400E+4	1.161243E+3	-3.199491E+1	3.771545E+0	4.299948E-2	1.522047E-3	1.767466E+0
1.986800E+4	1.175390E+3	-3.938140E+1	3.513959E+0	3.876326E-2	1.505274E-3	1.769284E+0
1.987200E+4	1.408584E+3	-3.821404E+1	3.230297E+0	3.489336E-2	1.256079E-3	1.769294E+0
1.987600E+4	1.431529E+3	-5.936093E+1	2.984588E+0	3.109233E-2	1.237818E-3	1.771972E+0
1.988000E+4	1.522590E+3	-5.480894E+1	2.753375E+0	2.786985E-2	1.163895E-3	1.772135E+0
1.988400E+4	1.548062E+3	-6.562804E+1	2.591134E+0	2.506137E-2	1.146000E-3	1.774079E+0
1.988800E+4	1.485235E+3	-7.032457E+1	2.388894E+0	2.260321E-2	1.198260E-3	1.779698E+0
1.989200E+4	1.318366E+3	-6.956578E+1	2.249257E+0	2.031931E-2	1.348933E-3	1.778388E+0
1.989600E+4	1.339909E+3	-7.396854E+1	2.106928E+0	1.824963E-2	1.326985E-3	1.778040E+0
1.990000E+4	1.315901E+3	-7.749061E+1	1.965431E+0	1.663857E-2	1.352814E-3	1.780170E+0
1.990400E+4	1.159053E+3	-7.797511E+1	1.857927E+0	1.505914E-2	1.534763E-3	1.778872E+0
1.990800E+4	1.220038E+3	-8.759464E+1	1.765312E+0	1.348897E-2	1.460963E-3	1.782431E+0
1.991200E+4	1.192205E+3	-9.013070E+1	1.691257E+0	1.244823E-2	1.496201E-3	1.783778E+0
1.991600E+4	1.137305E+3	-8.752856E+1	1.626490E+0	1.124910E-2	1.568915E-3	1.784335E+0
1.992000E+4	1.125925E+3	-7.816655E+1	1.574426E+0	1.040852E-2	1.586237E-3	1.785984E+0
1.992400E+4	1.098263E+3	-8.646099E+1	1.497417E+0	9.642744E-3	1.622420E-3	1.781845E+0
1.992800E+4	1.062678E+3	-8.489173E+1	1.328704E+0	8.739416E-3	1.679613E-3	1.784888E+0
1.993200E+4	1.031878E+3	-8.425699E+1	1.385323E+0	8.052911E-3	1.729174E-3	1.784296E+0
1.993600E+4	1.029083E+3	-7.861431E+1	1.321689E+0	7.260522E-3	1.736530E-3	1.787033E+0
1.994000E+4	9.729768E+2	-8.779990E+1	1.307233E+0	6.749857E-3	1.833796E-3	1.784241E+0
1.994400E+4	1.001219E+3	-8.543202E+1	1.218172E+0	6.197415E-3	1.783464E-3	1.785638E+0
1.994800E+4	1.023471E+3	-8.846741E+1	1.116749E+0	5.822415E-3	1.746999E-3	1.788003E+0
1.995200E+4	9.352778E+2	-8.998779E+1	1.183677E+0	5.446493E-3	1.912269E-3	1.788503E+0
1.995600E+4	1.004092E+3	-8.928440E+1	1.132750E+0	4.959032E-3	1.780024E-3	1.787308E+0
1.996000E+4	9.948563E+2	-8.806860E+1	1.142479E+0	4.447361E-3	1.796278E-3	1.787039E+0
1.996400E+4	9.612239E+2	-8.390151E+1	1.043749E+0	4.005557E-3	1.862468E-3	1.790249E+0
1.996800E+4	9.868401E+2	-9.185297E+1	8.833331E-1	3.889830E-3	1.813278E-3	1.789416E+0
1.997200E+4	9.087310E+2	-8.806129E+1	8.550384E-1	3.342073E-3	1.967259E-3	1.787710E+0
1.997600E+4	9.310768E+2	-8.891910E+1	9.894805E-1	3.043671E-3	1.920932E-3	1.788535E+0
1.998000E+4	9.349489E+2	-8.326507E+1	1.028058E+0	2.792576E-3	1.911261E-3	1.786931E+0
1.998400E+4	9.264441E+2	-9.348763E+1	9.750270E-1	2.425762E-3	1.928926E-3	1.787042E+0
1.998800E+4	8.986995E+2	-8.353388E+1	8.957398E-1	2.119041E-3	1.988798E-3	1.787332E+0
1.999200E+4	8.928192E+2	-8.604125E+1	9.421341E-1	2.092042E-3	2.008505E-3	1.793231E+0
1.999600E+4	9.119512E+2	-8.782191E+1	9.030011E-1	1.728838E-3	1.962856E-3	1.790029E+0
2.000000E+4	9.236429E+2	-8.857129E+1	8.865891E-1	1.434352E-3	1.929335E-3	1.782017E+0
2.000400E+4	9.221596E+2	-8.670483E+1	8.926802E-1	1.354739E-3	1.935797E-3	1.785114E+0
2.000800E+4	8.386119E+2	-8.778028E+1	8.708286E-1	1.250806E-3	2.134724E-3	1.790205E+0
2.001200E+4	8.516640E+2	-8.561150E+1	7.508062E-1	1.015869E-3	2.101315E-3	1.789614E+0
2.001600E+4	8.585392E+2	-8.806496E+1	8.708236E-1	7.455965E-4	2.081225E-3	1.786813E+0
2.002000E+4	8.805441E+2	-9.058134E+1	8.565129E-1	6.311387E-4	2.033801E-3	1.790852E+0
2.002400E+4	8.971755E+2	-8.948299E+1	7.939156E-1	5.255259E-4	1.988755E-3	1.784262E+0
2.002800E+4	8.967456E+2	-8.517309E+1	7.532551E-1	3.768339E-4	1.989255E-3	1.783856E+0
2.003200E+4	8.610773E+2	-8.702013E+1	7.916358E-1	5.124111E-4	2.076573E-3	1.788090E+0
2.003600E+4	8.766147E+2	-8.529318E+1	7.642886E-1	5.495605E-4	2.042334E-3	1.790340E+0
2.004000E+4	8.193503E+2	-9.034415E+1	6.809801E-1	6.008045E-4	2.184603E-3	1.789955E+0
2.004400E+4	8.768173E+2	-8.952980E+1	6.788034E-1	7.223839E-4	2.043142E-3	1.791462E+0
2.004800E+4	8.591687E+2	-8.756767E+1	7.565845E-1	6.065765E-4	2.079378E-3	1.786536E+0
2.005200E+4	8.142709E+2	-8.916389E+1	6.636646E-1	1.014409E-3	2.197140E-3	1.789067E+0
2.005600E+4	8.560712E+2	-8.938580E+1	7.566044E-1	1.059685E-3	2.087679E-3	1.787202E+0
2.006000E+4	8.506600E+2	-8.433705E+1	7.147063E-1	1.254830E-3	2.101599E-3	1.787747E+0
2.006400E+4	8.694773E+2	-8.817290E+1	7.438383E-1	1.192388E-3	2.054035E-3	1.785937E+0
2.006800E+4	7.886349E+2	-8.625602E+1	7.182761E-1	1.335018E-3	2.263062E-3	1.784730E+0
2.007200E+4	8.227358E+2	-8.293855E+1	7.022638E-1	1.564108E-3	2.172287E-3	1.787219E+0
2.007600E+4	8.308587E+2	-8.897029E+1	6.896639E-1	1.638509E-3	2.150275E-3	1.786574E+0
2.008000E+4	8.012676E+2	-9.049934E+1	7.056371E-1	1.720783E-3	2.232210E-3	1.788597E+0
2.008400E+4	8.131169E+2	-9.423407E+1	7.010110E-1	1.897679E-3	2.198610E-3	1.787727E+0
2.008800E+4	8.567095E+2	-8.710098E+1	6.990970E-1	1.923891E-3	2.091094E-3	1.791460E+0
2.009200E+4	8.387527E+2	-8.750016E+1	6.636108E-1	1.922420E-3	2.133101E-3	1.789144E+0
2.009600E+4	8.317520E+2	-8.601823E+1	6.617099E-1	2.143430E-3	2.149940E-3	1.788217E+0
2.010000E+4	8.321312E+2	-8.879890E+1	6.857197E-1	2.202368E-3	2.152809E-3	1.791420E+0
2.010400E+4	8.414149E+2	-8.502929E+1	6.385499E-1	2.371865E-3	2.125839E-3	1.788713E+0
2.010800E+4	7.802436E+2	-8.793056E+1	6.708294E-1	2.371455E-3	2.289479E-3	1.786351E+0
2.011200E+4	8.300197E+2	-9.000664E+1	6.545365E-1	2.418795E-3	2.154171E-3	1.788004E+0
2.011600E+4	7.837319E+2	-8.932903E+1	6.765172E-1	2.575035E-3	2.280778E-3	1.787518E+0
2.012000E+4	8.278742E+2	-8.846384E+1	6.176921E-1	2.641654E-3	2.165440E-3	1.792712E+0
2.012400E+4	8.189352E+2	-8.542777E+1	6.665978E-1	2.412643E-3	2.184785E-3	1.789197E+0
2.012800E+4	7.763420E+2	-8.867784E+1	6.329328E-1	2.495207E-3	2.306458E-3	1.790600E+0
2.013200E+4	7.810575E+2	-8.899783E+1	6.507124E-1	2.475923E-3	2.287552E-3	1.786710E+0
2.013600E+4	7.977744E+2	-9.150023E+1	6.410244E-1	2.228589E-3	2.241577E-3	1.788273E+0
2.014000E+4	7.770676E+2	-8.892973E+1	5.979380E-1	2.208969E-3	2.302911E-3	1.789517E+0
2.014400E+4	7.670837E+2	-8.755333E+1	5.951340E-1	2.107659E-3	2.334561E-3	1.790804E+0
2.014800E+4	8.239473E+2	-8.987257E+1	6.178409E-1	2.018230E-3	2.173668E-3	1.790988E+0
2.015200E+4	7.664920E+2	-8.854813E+1	5.961860E-1	1.874946E-3	2.337252E-3	1.791485E+0
2.015600E+4	7.850134E+2	-8.901970E+1	6.379636E-1	1.855519E-3	2.280280E-3	1.790050E+0
2.016000E+4	7.602910E+2	-9.105166E+1	6.014626E-1	1.917368E-3	2.346898E-3	1.784326E+0
2.016400E+4	8.132735E+2	-8.791866E+1	5.801148E-1	1.791150E-3	2.204761E-3	1.793074E+0
2.016800E+4	8.308057E+2	-9.222881E+1	6.048868E-1	1.779925E-3	2.154721E-3	1.790155E+0
2.017200E+4	8.020049E+2	-9.355663E+1	6.029518E-1	2.056482E-3	2.229561E-3	1.788119E+0
2.017600E+4	7.561540E+2	-8.813783E+1	6.047868E-1	1.901778E-3	2.364201E-3	1.787700E+0
2.018000E+4	8.130527E+2	-8.451685E+1	5.567041E-1	1.959456E-3	2.197575E-3	1.786744E+0
2.018400E+4	7.831118E+2	-8.427871E+1	5.884188E-1	2.155941E-3	2.290224E-3	1.793501E+0
2.018800E+4	7.504018E+2	-8.926032E+1	5.629175E-1	2.077974E-3	2.385158E-3	1.789827E+0
2.019200E+4	7.432756E+2	-9.167673E+1	5.832683E-1	2.131545E-3	2.404307E-3	1.787063E+0
2.019600E+4	7.954316E+2	-8.651878E+1	5.387738E-1	2.113429E-3	2.250697E-3	1.790276E+0
2.020000E+4	7.927128E+2	-8.551373E+1	4.939717E-1	2.130833E-3	2.257606E-3	1.789633E+0
2.020400E+4	7.505336E+2	-9.407764E+1	5.725114E-1	2.221928E-3	2.379388E-3	1.785810E+0
2.020800E+4	7.726860E+2	-8.879661E+1	5.492639E-1	2.075276E-3	2.315233E-3	1.788949E+0
2.021200E+4	7.620662E+2	-8.955064E+1	5.630207E-1	2.274554E-3	2.347703E-3	1.789105E+0
2.021600E+4	7.817419E+2	-9.104087E+1	5.397166E-1	2.226806E-3	2.282591E-3	1.784397E+0
2.022000E+4	7.740451E+2	-8.893274E+1	5.609674E-1	2.443023E-3	2.303902E-3	1.783324E+0
2.022400E+4	7.663524E+2	-9.147515E+1	5.551003E-1	2.412967E-3	2.334839E-3	1.789310E+0
2.022800E+4	7.649127E+2	-9.107484E+1	5.380418E-1	2.350765E-3	2.339189E-3	1.789275E+0
2.023200E+4	7.651516E+2	-8.610722E+1	5.332438E-1	2.449085E-3	2.338005E-3	1.788928E+0
2.023600E+4	7.440112E+2	-9.346636E+1	5.191229E-1	2.309941E-3	2.405621E-3	1.789809E+0
2.024000E+4	7.342036E+2	-9.006270E+1	5.317637E-1	2.119756E-3	2.432212E-3	1.785738E+0
2.024400E+4	7.589221E+2	-9.096361E+1	5.280013E-1	2.540910E-3	2.351199E-3	1.784377E+0
2.024800E+4	7.554902E+2	-8.607952E+1	5.436531E-1	2.694699E-3	2.368571E-3	1.789433E+0
2.025200E+4	7.721030E+2	-8.944118E+1	5.386702E-1	2.523288E-3	2.315773E-3	1.788015E+0
2.025600E+4	7.256351E+2	-9.033678E+1	5.068972E-1	2.706525E-3	2.465075E-3	1.788745E+0
2.026000E+4	7.809630E+2	-8.574188E+1	5.337846E-1	2.613367E-3	2.287209E-3	1.786226E+0
2.026400E+4	7.591049E+2	-8.899152E+1	5.332972E-1	2.863725E-3	2.353026E-3	1.786193E+0
2.026800E+4	7.626725E+2	-8.835699E+1	5.225733E-1	2.771661E-3	2.346518E-3	1.789625E+0
2.027200E+4	7.760550E+2	-9.183831E+1	5.385207E-1	2.575727E-3	2.306681E-3	1.790111E+0
2.027600E+4	7.212336E+2	-8.936224E+1	5.428593E-1	2.737944E-3	2.483074E-3	1.790876E+0
2.028000E+4	7.231440E+2	-9.218017E+1	4.816041E-1	2.810769E-3	2.468954E-3	1.785409E+0
2.028400E+4	7.116133E+2	-8.820648E+1	5.056331E-1	2.770576E-3	2.510400E-3	1.786434E+0
2.028800E+4	7.176050E+2	-9.188746E+1	5.083484E-1	2.867060E-3	2.490900E-3	1.787482E+0
2.029200E+4	7.308082E+2	-9.392606E+1	4.750972E-1	2.957887E-3	2.444074E-3	1.786150E+0
2.029600E+4	7.681022E+2	-8.972389E+1	5.106643E-1	2.881687E-3	2.329604E-3	1.789374E+0
