18000.000	423.054	-90.714	0.587	0.058	0.019	7.831
18004.000	421.108	-90.340	0.597	0.022	0.018	7.784
18008.000	420.191	-89.223	0.607	0.023	0.018	7.742
18012.000	417.578	-90.552	0.601	0.022	0.018	7.691
18016.000	417.657	-89.869	0.573	0.022	0.018	7.673
18020.000	415.489	-88.860	0.573	0.022	0.018	7.610
18024.000	414.378	-90.523	0.604	0.014	0.018	7.565
18028.000	414.428	-90.763	0.579	0.022	0.018	7.554
18032.000	412.946	-91.767	0.572	0.021	0.018	7.504
18036.000	411.440	-91.321	0.607	0.022	0.018	7.462
18040.000	411.033	-91.048	0.586	0.017	0.018	7.432
18044.000	407.393	-90.386	0.595	0.021	0.018	7.360
18048.000	407.703	-91.233	0.582	0.019	0.018	7.343
18052.000	405.431	-89.943	0.607	0.020	0.018	7.285
18056.000	404.069	-90.021	0.616	0.016	0.018	7.255
18060.000	403.692	-87.997	0.611	0.017	0.018	7.212
18064.000	401.486	-92.043	0.597	0.019	0.018	7.167
18068.000	400.843	-89.217	0.589	0.018	0.018	7.140
18072.000	398.534	-89.411	0.597	0.017	0.018	7.084
18076.000	397.489	-88.783	0.592	0.017	0.018	7.045
18080.000	396.839	-90.830	0.582	0.018	0.018	7.012
18084.000	395.366	-90.040	0.595	0.018	0.018	6.986
18088.000	392.675	-90.336	0.605	0.015	0.018	6.915
18092.000	392.520	-91.674	0.623	0.013	0.018	6.893
18096.000	391.013	-89.401	0.593	0.017	0.018	6.847
18100.000	389.110	-90.158	0.621	0.017	0.017	6.808
18104.000	387.070	-89.188	0.620	0.016	0.017	6.743
18108.000	386.340	-91.275	0.594	0.016	0.017	6.729
18112.000	385.700	-90.356	0.619	0.014	0.017	6.685
18116.000	382.548	-88.100	0.584	0.011	0.017	6.634
18120.000	382.712	-89.932	0.595	0.014	0.017	6.583
18124.000	381.294	-88.562	0.591	0.015	0.017	6.562
18128.000	378.566	-90.407	0.606	0.009	0.017	6.497
18132.000	376.551	-89.959	0.616	0.014	0.017	6.454
18136.000	374.313	-89.717	0.628	0.010	0.017	6.406
18140.000	374.396	-90.193	0.540	0.013	0.017	6.375
18144.000	373.597	-92.501	0.633	0.010	0.017	6.367
18148.000	370.457	-90.062	0.602	0.010	0.017	6.292
18152.000	371.387	-91.942	0.614	0.009	0.017	6.279
18156.000	369.105	-89.656	0.609	0.008	0.017	6.229
18160.000	368.276	-92.016	0.648	0.011	0.017	6.187
18164.000	363.519	-88.045	0.605	0.007	0.017	6.113
18168.000	362.914	-89.813	0.640	0.009	0.017	6.078
18172.000	361.910	-90.791	0.624	0.009	0.017	6.038
18176.000	361.145	-89.600	0.621	0.007	0.017	6.024
18180.000	359.213	-90.455	0.627	0.008	0.017	5.960
18184.000	355.934	-89.475	0.639	0.006	0.017	5.896
18188.000	355.497	-91.809	0.618	0.006	0.017	5.871
18192.000	352.377	-90.001	0.644	0.006	0.016	5.804
18196.000	350.878	-89.952	0.624	0.005	0.016	5.763
18200.000	349.570	-89.738	0.629	0.004	0.016	5.721
18204.000	348.815	-90.235	0.614	0.003	0.016	5.689
18208.000	345.912	-90.666	0.633	0.003	0.016	5.623
18212.000	342.769	-90.699	0.639	0.002	0.016	5.565
18216.000	342.709	-89.963	0.648	0.001	0.016	5.545
18220.000	339.701	-90.347	0.646	0.000	0.016	5.487
18224.000	339.174	-89.960	0.606	0.000	0.016	5.458
18228.000	336.595	-90.423	0.584	0.001	0.016	5.410
18232.000	334.470	-88.695	0.600	0.002	0.016	5.346
18236.000	331.896	-91.461	0.661	0.003	0.016	5.299
18240.000	330.408	-89.649	0.604	0.004	0.016	5.259
18244.000	328.551	-92.036	0.561	0.005	0.016	5.213
18248.000	328.393	-90.900	0.651	0.006	0.016	5.182
18252.000	324.226	-88.498	0.670	0.010	0.016	5.118
18256.000	321.962	-87.288	0.657	0.010	0.016	5.061
18260.000	321.601	-89.518	0.646	0.013	0.016	5.036
18264.000	317.260	-87.913	0.675	0.013	0.016	4.963
18268.000	315.295	-88.846	0.686	0.014	0.016	4.915
18272.000	314.676	-90.530	0.667	0.020	0.015	4.868
18276.000	311.850	-92.152	0.703	0.023	0.015	4.828
18280.000	309.573	-92.143	0.697	0.020	0.015	4.774
18284.000	308.020	-91.297	0.690	0.030	0.015	4.740
18288.000	306.400	-89.801	0.704	0.034	0.015	4.700
18292.000	301.917	-87.694	0.683	0.038	0.015	4.618
18296.000	302.148	-91.542	0.674	0.043	0.015	4.596
18300.000	298.341	-89.509	0.681	0.048	0.015	4.521
18304.000	295.540	-88.635	0.706	0.054	0.015	4.472
18308.000	295.265	-90.780	0.716	0.059	0.015	4.441
18312.000	292.912	-90.191	0.690	0.064	0.015	4.419
18316.000	290.295	-88.048	0.682	0.069	0.015	4.346
18320.000	288.234	-89.743	0.679	0.072	0.015	4.295
18324.000	285.151	-87.957	0.682	0.073	0.015	4.254
18328.000	286.011	-89.188	0.696	0.072	0.015	4.244
18332.000	281.622	-86.921	0.673	0.070	0.015	4.169
18336.000	281.258	-89.228	0.708	0.068	0.015	4.157
18340.000	278.762	-88.847	0.692	0.064	0.015	4.106
18344.000	275.312	-87.222	0.694	0.060	0.015	4.036
18348.000	272.388	-86.916	0.691	0.057	0.015	3.996
18352.000	271.720	-89.207	0.698	0.054	0.015	3.956
18356.000	269.133	-91.873	0.719	0.050	0.015	3.905
18360.000	264.691	-88.163	0.675	0.048	0.014	3.820
18364.000	262.052	-86.357	0.688	0.045	0.014	3.783
18368.000	260.735	-87.566	0.702	0.042	0.014	3.739
18372.000	258.345	-89.176	0.707	0.040	0.014	3.688
18376.000	254.551	-85.498	0.722	0.038	0.014	3.622
18380.000	251.083	-86.667	0.698	0.036	0.014	3.555
18384.000	245.889	-87.894	0.693	0.034	0.014	3.495
18388.000	244.301	-87.514	0.734	0.033	0.014	3.438
18392.000	241.701	-90.064	0.717	0.031	0.014	3.397
18396.000	238.303	-89.302	0.730	0.029	0.014	3.336
18400.000	234.960	-91.249	0.747	0.029	0.014	3.275
18404.000	231.956	-86.406	0.763	0.027	0.014	3.218
18408.000	230.809	-92.124	0.719	0.026	0.014	3.193
18412.000	226.480	-89.517	0.737	0.025	0.014	3.114
18416.000	222.170	-86.541	0.741	0.020	0.014	3.053
18420.000	219.707	-88.115	0.745	0.023	0.014	2.997
18424.000	214.911	-86.453	0.728	0.022	0.014	2.932
18428.000	213.649	-88.220	0.759	0.021	0.014	2.885
18432.000	208.762	-88.549	0.762	0.020	0.014	2.819
18436.000	207.166	-86.468	0.761	0.019	0.013	2.776
18440.000	202.347	-88.855	0.763	0.014	0.013	2.705
18444.000	198.386	-86.084	0.764	0.018	0.013	2.643
18448.000	193.985	-85.661	0.791	0.017	0.013	2.570
18452.000	191.687	-88.514	0.783	0.014	0.013	2.536
18456.000	186.696	-87.339	0.773	0.014	0.013	2.446
18460.000	182.146	-85.980	0.790	0.014	0.013	2.384
18464.000	178.571	-85.532	0.786	0.013	0.013	2.327
18468.000	177.936	-88.431	0.812	0.010	0.013	2.305
18472.000	173.260	-86.750	0.784	0.012	0.013	2.228
18476.000	166.830	-83.512	0.797	0.012	0.013	2.140
18480.000	164.422	-85.657	0.807	0.008	0.013	2.094
18484.000	159.179	-88.124	0.787	0.011	0.013	2.016
18488.000	153.321	-84.299	0.785	0.010	0.013	1.945
18492.000	151.230	-85.090	0.829	0.011	0.013	1.902
18496.000	145.910	-83.740	0.784	0.010	0.012	1.822
18500.000	139.526	-86.412	0.809	0.007	0.012	1.742
18504.000	137.806	-82.069	0.799	0.009	0.012	1.711
18508.000	131.262	-85.637	0.764	0.008	0.012	1.617
18512.000	127.510	-84.317	0.772	0.009	0.012	1.574
18516.000	123.547	-87.103	0.796	0.009	0.012	1.506
18520.000	119.196	-88.365	0.820	0.008	0.012	1.447
18524.000	111.938	-85.362	0.834	0.009	0.012	1.352
18528.000	108.554	-84.882	0.843	0.009	0.012	1.304
18532.000	101.353	-82.451	0.859	0.009	0.012	1.213
18536.000	96.707	-83.026	0.808	0.009	0.012	1.146
18540.000	91.820	-79.149	0.844	0.009	0.012	1.089
18544.000	84.626	-76.217	0.841	0.009	0.012	0.997
18548.000	79.529	-77.283	0.838	0.010	0.012	0.926
18552.000	73.549	-77.058	0.859	0.010	0.012	0.855
18556.000	71.225	-78.368	0.839	0.011	0.012	0.820
18560.000	62.290	-72.228	0.841	0.011	0.011	0.712
18564.000	57.870	-76.691	0.852	0.011	0.011	0.661
18568.000	50.682	-66.005	0.856	0.012	0.011	0.574
18572.000	47.211	-66.532	0.877	0.012	0.011	0.530
18576.000	42.010	-65.402	0.894	0.013	0.011	0.469
18580.000	36.799	-60.066	0.851	0.013	0.011	0.408
18584.000	30.964	-50.340	0.874	0.013	0.011	0.342
18588.000	27.336	-44.279	0.871	0.014	0.011	0.298
18592.000	23.688	-23.478	0.859	0.013	0.011	0.259
18596.000	21.383	5.741	0.895	0.011	0.011	0.231
18600.000	26.084	12.997	0.883	0.014	0.011	0.278
18604.000	28.440	30.462	0.866	0.015	0.011	0.302
18608.000	32.089	51.775	0.886	0.015	0.011	0.340
18612.000	38.985	53.334	0.872	0.017	0.010	0.409
18616.000	48.960	53.910	0.865	0.012	0.010	0.509
18620.000	53.465	64.902	0.866	0.013	0.010	0.552
18624.000	64.851	62.307	0.893	0.015	0.010	0.665
18628.000	71.987	68.193	0.902	0.021	0.010	0.731
18632.000	82.754	68.812	0.898	0.022	0.010	0.833
18636.000	92.441	65.641	0.916	0.023	0.010	0.923
18640.000	99.870	71.308	0.888	0.023	0.010	0.984
18644.000	110.533	73.116	0.773	0.025	0.010	1.079
18648.000	123.892	70.619	0.892	0.025	0.010	1.200
18652.000	133.071	70.743	0.887	0.027	0.010	1.281
18656.000	141.855	75.281	0.870	0.028	0.010	1.349
18660.000	153.686	73.610	0.884	0.030	0.009	1.455
18664.000	167.659	74.021	0.868	0.031	0.009	1.579
18668.000	176.525	75.387	0.877	0.032	0.009	1.641
18672.000	194.152	73.677	0.879	0.034	0.009	1.771
18676.000	203.073	72.943	0.878	0.035	0.009	1.838
18680.000	215.594	75.307	0.887	0.038	0.009	1.939
18684.000	235.174	70.810	0.852	0.040	0.009	2.079
18688.000	247.601	73.190	0.887	0.042	0.009	2.166
18692.000	259.652	76.266	0.900	0.044	0.009	2.257
18696.000	278.444	72.149	0.944	0.047	0.009	2.385
18700.000	296.049	71.732	1.002	0.050	0.008	2.502
18704.000	306.400	71.296	1.125	0.054	0.008	2.572
18708.000	317.392	77.189	1.262	0.057	0.008	2.654
18712.000	330.533	64.787	1.441	0.060	0.008	2.727
18716.000	332.796	63.498	1.657	0.060	0.008	2.744
18720.000	329.118	68.013	1.893	0.059	0.008	2.721
18724.000	333.719	67.349	2.046	0.055	0.008	2.744
18728.000	335.654	68.812	2.170	0.049	0.008	2.762
18732.000	349.096	78.360	2.165	0.042	0.008	2.840
18736.000	363.596	76.714	2.157	0.036	0.008	2.929
18740.000	392.266	80.153	2.110	0.032	0.008	3.070
18744.000	419.564	76.975	2.049	0.029	0.008	3.242
18748.000	445.605	80.949	2.045	0.026	0.008	3.382
18752.000	472.271	82.150	1.949	0.027	0.007	3.508
18756.000	504.160	81.657	1.931	0.027	0.007	3.675
18760.000	530.734	79.092	1.916	0.027	0.007	3.831
18764.000	556.458	76.496	1.885	0.028	0.007	3.943
18768.000	594.634	84.218	1.842	0.029	0.007	4.116
18772.000	630.043	81.445	1.834	0.030	0.007	4.259
18776.000	657.107	88.198	1.855	0.030	0.007	4.366
18780.000	691.962	81.903	1.836	0.032	0.007	4.512
18784.000	729.296	81.337	1.814	0.033	0.006	4.665
18788.000	759.698	82.158	1.839	0.034	0.006	4.791
18792.000	811.887	83.188	1.848	0.035	0.006	4.974
18796.000	849.961	80.811	1.794	0.035	0.006	5.090
18800.000	894.285	84.478	1.828	0.037	0.006	5.224
18804.000	950.140	81.786	1.811	0.037	0.006	5.407
18808.000	1000.095	79.833	1.807	0.038	0.006	5.551
18812.000	1057.603	83.793	1.853	0.039	0.005	5.712
18816.000	1110.388	78.098	1.854	0.039	0.005	5.840
18820.000	1174.697	79.197	1.845	0.040	0.005	5.980
18824.000	1246.030	78.104	1.857	0.041	0.005	6.171
18828.000	1311.404	77.189	1.870	0.042	0.005	6.298
18832.000	1390.270	85.180	1.858	0.042	0.005	6.516
18836.000	1468.763	73.576	1.869	0.043	0.005	6.656
18840.000	1546.767	83.263	1.905	0.044	0.004	6.819
18844.000	1657.283	81.420	1.913	0.044	0.004	6.994
18848.000	1761.450	82.440	1.942	0.045	0.004	7.159
18852.000	1871.294	79.140	1.958	0.046	0.004	7.363
18856.000	1996.258	80.745	1.945	0.046	0.004	7.538
18860.000	2147.446	80.814	1.961	0.046	0.004	7.711
18864.000	2287.763	-16.805	2.001	0.047	0.003	7.912
18868.000	2487.367	164.264	2.016	0.047	0.003	8.074
18872.000	2689.453	176.990	2.012	0.048	0.003	8.266
18876.000	2862.135	62.397	2.059	0.048	0.003	8.464
18880.000	3187.725	69.256	2.089	0.048	0.003	8.687
18884.000	3430.711	68.292	2.099	0.049	0.003	8.898
18888.000	3813.306	121.147	2.112	0.050	0.002	9.098
18892.000	4286.130	77.208	2.113	0.050	0.002	9.328
18896.000	4705.895	53.093	2.139	0.051	0.002	9.534
18900.000	5181.981	79.969	2.205	0.052	0.002	9.740
18904.000	5907.108	41.300	2.211	0.052	0.002	9.985
18908.000	6617.779	39.277	2.237	0.052	0.002	10.211
18912.000	8058.328	30.406	2.256	0.053	0.001	10.492
18916.000	9181.204	32.633	2.265	0.053	0.001	10.777
18920.000	11028.875	-4.717	2.314	0.054	0.001	11.039
18924.000	12594.489	45.931	2.388	0.054	0.001	11.429
18928.000	13753.450	4.301	2.411	0.055	0.001	11.778
18932.000	15044.125	43.498	2.477	0.056	0.001	12.154
18936.000	14538.870	-41.484	2.504	0.056	0.001	12.510
18940.000	13338.236	-42.370	2.566	0.057	0.001	12.878
18944.000	11014.230	-44.865	2.611	0.057	0.001	13.290
18948.000	9985.076	-47.503	2.662	0.057	0.001	13.614
18952.000	8744.919	-46.884	2.716	0.058	0.002	13.996
18956.000	7644.119	-43.855	2.725	0.058	0.002	14.351
18960.000	6979.786	-91.739	2.756	0.058	0.002	14.690
18964.000	6250.494	-46.806	2.805	0.059	0.002	15.028
18968.000	5699.062	-82.671	2.867	0.059	0.003	15.341
18972.000	5230.495	-164.058	2.919	0.059	0.003	15.690
18976.000	4876.951	-75.932	2.926	0.060	0.003	16.144
18980.000	4547.683	-74.013	2.951	0.060	0.004	16.534
18984.000	4264.718	-75.680	3.032	0.060	0.004	16.860
18988.000	4020.650	-78.322	3.051	0.061	0.004	17.233
18992.000	3811.144	-76.100	3.103	0.062	0.005	17.559
18996.000	3612.713	-86.441	3.134	0.062	0.005	17.957
19000.000	3439.802	-86.792	3.176	0.063	0.005	18.377
19004.000	3294.943	-83.132	3.262	0.063	0.006	18.721
19008.000	3158.719	-88.228	3.291	0.064	0.006	19.125
19012.000	3008.716	-80.361	3.314	0.064	0.006	19.525
19016.000	2895.731	-82.455	3.376	0.066	0.007	19.931
19020.000	2806.266	-83.737	3.406	0.066	0.007	20.310
19024.000	2681.780	-84.891	3.496	0.068	0.008	20.742
19028.000	2598.901	-82.533	3.537	0.068	0.008	21.174
19032.000	2529.923	-80.946	3.558	0.070	0.009	21.615
19036.000	2473.898	-81.971	3.634	0.071	0.009	22.041
19040.000	2393.364	-84.862	3.654	0.072	0.009	22.492
19044.000	2339.335	-85.968	3.726	0.074	0.010	22.949
19048.000	2278.881	-85.216	3.817	0.075	0.010	23.414
19052.000	2221.458	-88.649	3.837	0.077	0.011	23.872
19056.000	2160.387	-85.729	3.902	0.078	0.011	24.350
19060.000	2097.873	-87.896	3.941	0.080	0.012	24.813
19064.000	2052.645	-84.681	4.017	0.082	0.012	25.300
19068.000	2016.743	-84.634	4.051	0.083	0.013	25.784
19072.000	1980.254	-86.772	4.159	0.086	0.013	26.316
19076.000	1942.841	-85.253	4.208	0.087	0.014	26.800
19080.000	1906.393	-88.690	4.272	0.089	0.014	27.365
19084.000	1867.980	-86.528	4.356	0.092	0.015	27.868
19088.000	1838.749	-86.099	4.425	0.094	0.015	28.478
19092.000	1806.497	-89.115	4.495	0.096	0.016	29.018
19096.000	1768.977	-86.068	4.535	0.098	0.017	29.563
19100.000	1747.661	-85.753	4.607	0.098	0.017	30.154
19104.000	1714.540	-84.996	4.696	0.100	0.018	30.714
19108.000	1684.351	-86.699	4.768	0.101	0.019	31.208
19112.000	1662.343	-87.955	4.785	0.101	0.019	31.812
19116.000	1637.975	-86.121	4.872	0.103	0.020	32.400
19120.000	1621.991	-86.540	4.957	0.105	0.020	33.052
19124.000	1595.296	-88.478	5.040	0.106	0.021	33.598
19128.000	1575.770	-87.673	5.127	0.107	0.022	34.218
19132.000	1554.882	-86.946	5.214	0.109	0.022	34.826
19136.000	1532.668	-87.035	5.274	0.111	0.023	35.364
19140.000	1519.757	-88.721	5.330	0.113	0.024	35.948
19144.000	1503.300	-86.654	5.400	0.116	0.024	36.532
19148.000	1484.921	-88.134	5.461	0.119	0.025	37.141
19152.000	1468.295	-86.590	5.524	0.122	0.026	37.712
19156.000	1453.067	-87.876	5.633	0.124	0.026	38.420
19160.000	1433.259	-88.066	5.733	0.127	0.027	38.994
19164.000	1419.560	-89.228	5.807	0.129	0.028	39.624
19168.000	1404.463	-87.873	5.864	0.133	0.029	40.236
19172.000	1387.680	-87.471	5.983	0.135	0.029	40.845
19176.000	1374.370	-87.497	6.027	0.137	0.030	41.445
19180.000	1362.524	-87.781	6.144	0.140	0.031	42.008
19184.000	1351.264	-89.316	6.196	0.143	0.032	42.596
19188.000	1338.656	-89.453	6.295	0.146	0.032	43.175
19192.000	1325.217	-88.742	6.364	0.149	0.033	43.739
19196.000	1314.796	-88.426	6.408	0.151	0.034	44.220
19200.000	1303.190	-88.960	6.529	0.154	0.034	44.765
19204.000	1291.908	-88.100	6.578	0.155	0.035	45.280
19208.000	1276.401	-89.434	6.656	0.158	0.036	45.750
19212.000	1267.821	-88.679	6.732	0.160	0.036	46.230
19216.000	1256.299	-88.985	6.786	0.163	0.037	46.646
19220.000	1246.457	-88.323	6.894	0.164	0.038	47.018
19224.000	1236.794	-88.506	6.936	0.166	0.038	47.423
19228.000	1226.667	-89.213	7.004	0.169	0.039	47.757
19232.000	1219.000	-88.966	7.045	0.170	0.039	48.095
19236.000	1207.852	-88.573	7.077	0.172	0.040	48.339
19240.000	1202.123	-88.738	7.105	0.174	0.041	48.691
19244.000	1192.870	-89.375	7.186	0.175	0.041	48.885
19248.000	1184.298	-88.464	7.226	0.177	0.041	49.087
19252.000	1175.277	-88.348	7.245	0.177	0.042	49.184
19256.000	1165.894	-89.601	7.280	0.178	0.042	49.291
19260.000	1159.081	-88.716	7.274	0.179	0.043	49.346
19264.000	1150.657	-88.358	7.337	0.179	0.043	49.395
19268.000	1145.560	-89.644	7.334	0.179	0.043	49.392
19272.000	1138.015	-89.251	7.342	0.179	0.043	49.379
19276.000	1131.752	-89.866	7.336	0.179	0.044	49.363
19280.000	1122.513	-89.767	7.355	0.178	0.044	49.243
19284.000	1116.878	-89.103	7.383	0.178	0.044	49.162
19288.000	1110.563	-89.883	7.346	0.178	0.044	49.012
19292.000	1102.404	-87.727	7.345	0.177	0.044	48.864
19296.000	1097.582	-89.131	7.349	0.176	0.044	48.644
19300.000	1091.073	-89.088	7.331	0.176	0.044	48.380
19304.000	1084.742	-89.597	7.309	0.176	0.044	48.125
19308.000	1077.641	-89.492	7.302	0.175	0.044	47.831
19312.000	1072.009	-89.403	7.330	0.173	0.044	47.536
19316.000	1066.227	-89.878	7.268	0.172	0.044	47.186
19320.000	1060.428	-89.262	7.265	0.171	0.044	46.862
19324.000	1055.276	-89.591	7.221	0.170	0.044	46.559
19328.000	1049.354	-88.443	7.200	0.169	0.044	46.141
19332.000	1043.493	-88.946	7.148	0.167	0.044	45.749
19336.000	1037.070	-87.972	7.157	0.167	0.044	45.383
19340.000	1033.978	-88.709	7.117	0.165	0.044	44.981
19344.000	1028.595	-89.685	7.086	0.164	0.043	44.562
19348.000	1023.695	-88.758	7.053	0.163	0.043	44.165
19352.000	1018.279	-88.747	7.021	0.161	0.043	43.757
19356.000	1012.885	-89.194	6.967	0.160	0.043	43.281
19360.000	1008.634	-89.305	6.942	0.159	0.043	42.873
19364.000	1004.313	-88.572	6.901	0.158	0.042	42.444
19368.000	997.225	-89.089	6.865	0.156	0.042	41.959
19372.000	993.146	-89.739	6.857	0.155	0.042	41.542
19376.000	989.174	-89.023	6.765	0.153	0.042	41.121
19380.000	984.744	-89.509	6.769	0.152	0.041	40.629
19384.000	978.437	-89.254	6.718	0.151	0.041	40.176
19388.000	976.205	-89.303	6.690	0.149	0.041	39.803
19392.000	969.184	-89.090	6.678	0.148	0.041	39.290
19396.000	966.910	-88.024	6.654	0.147	0.040	38.889
19400.000	961.979	-89.002	6.586	0.146	0.040	38.438
19404.000	957.555	-89.889	6.575	0.145	0.040	38.011
19408.000	952.009	-89.879	6.514	0.143	0.039	37.524
19412.000	947.813	-89.666	6.479	0.143	0.039	37.083
19416.000	946.081	-89.667	6.447	0.141	0.039	36.696
19420.000	939.772	-89.518	6.450	0.140	0.039	36.254
19424.000	936.996	-88.993	6.405	0.139	0.038	35.845
19428.000	933.241	-88.951	6.369	0.138	0.038	35.460
19432.000	929.130	-89.644	6.366	0.137	0.038	35.013
19436.000	926.569	-88.746	6.343	0.136	0.037	34.638
19440.000	920.533	-89.396	6.269	0.135	0.037	34.242
19444.000	917.737	-89.129	6.310	0.134	0.037	33.860
19448.000	915.714	-88.619	6.264	0.133	0.037	33.503
19452.000	912.019	-88.645	6.254	0.132	0.036	33.118
19456.000	909.636	-88.761	6.191	0.132	0.036	32.794
19460.000	903.122	-86.806	6.196	0.131	0.036	32.380
19464.000	898.584	-89.620	6.176	0.130	0.036	31.980
19468.000	897.146	-89.165	6.171	0.129	0.035	31.708
19472.000	894.043	-88.722	6.129	0.129	0.035	31.344
19476.000	889.986	-88.948	6.148	0.128	0.035	31.018
19480.000	887.747	-87.934	6.130	0.127	0.035	30.690
19484.000	883.546	-88.227	6.077	0.127	0.034	30.386
19488.000	883.233	-87.816	6.071	0.126	0.034	30.100
19492.000	877.346	-89.091	6.070	0.125	0.034	29.725
19496.000	874.937	-87.803	6.073	0.125	0.034	29.452
19500.000	869.310	-88.024	6.044	0.125	0.033	29.106
19504.000	867.781	-89.908	6.091	0.125	0.033	28.834
19508.000	867.275	-89.538	6.023	0.125	0.033	28.585
19512.000	861.793	-88.403	6.065	0.124	0.033	28.284
19516.000	859.868	-88.272	6.049	0.125	0.033	28.007
19520.000	856.963	-88.473	6.032	0.125	0.032	27.713
19524.000	853.872	-88.593	6.064	0.125	0.032	27.459
19528.000	851.029	-89.200	6.074	0.125	0.032	27.176
19532.000	847.682	-88.417	6.079	0.125	0.032	26.923
19536.000	844.885	-88.339	6.044	0.123	0.031	26.578
19540.000	844.644	-88.355	6.058	0.121	0.031	26.386
19544.000	840.628	-87.910	6.042	0.117	0.031	26.111
19548.000	839.083	-88.587	6.110	0.113	0.031	25.911
19552.000	832.545	-88.532	6.090	0.108	0.031	25.624
19556.000	832.853	-89.705	6.104	0.102	0.031	25.436
19560.000	828.488	-88.734	6.132	0.097	0.030	25.218
19564.000	825.669	-88.787	6.127	0.092	0.030	24.996
19568.000	827.124	-89.070	6.162	0.087	0.030	24.840
19572.000	821.842	-87.598	6.199	0.083	0.030	24.626
19576.000	821.141	-88.175	6.225	0.078	0.030	24.469
19580.000	818.269	-88.845	6.274	0.075	0.030	24.262
19584.000	817.619	-87.146	6.309	0.071	0.030	24.122
19588.000	812.324	-88.655	6.340	0.070	0.029	23.859
19592.000	807.992	-88.259	6.358	0.068	0.029	23.688
19596.000	807.356	-88.022	6.450	0.067	0.029	23.510
19600.000	803.782	-85.957	6.448	0.065	0.029	23.290
19604.000	800.609	-89.146	6.492	0.064	0.029	23.093
19608.000	797.783	-88.956	6.509	0.062	0.029	22.880
19612.000	793.446	-87.202	6.541	0.060	0.029	22.688
19616.000	792.687	-88.366	6.529	0.058	0.028	22.521
19620.000	789.752	-89.759	6.589	0.055	0.028	22.314
19624.000	786.423	-88.834	6.632	0.053	0.028	22.094
19628.000	784.429	-89.390	6.665	0.051	0.028	21.921
19632.000	782.787	-86.698	6.719	0.048	0.028	21.706
19636.000	779.730	-89.504	6.777	0.046	0.028	21.526
19640.000	777.375	-87.875	6.790	0.043	0.028	21.383
19644.000	775.148	-89.908	6.854	0.041	0.027	21.167
19648.000	772.017	-88.394	6.900	0.039	0.027	20.945
19652.000	770.471	-87.318	6.952	0.037	0.027	20.801
19656.000	763.156	-88.525	7.017	0.035	0.027	20.521
19660.000	762.919	-87.777	7.059	0.033	0.027	20.359
19664.000	760.331	-87.018	7.122	0.032	0.026	20.133
19668.000	755.562	-87.528	7.193	0.031	0.026	19.929
19672.000	752.021	-88.919	7.271	0.030	0.026	19.704
19676.000	749.964	-88.916	7.360	0.030	0.026	19.548
19680.000	746.290	-86.963	7.376	0.030	0.026	19.301
19684.000	742.894	-88.881	7.479	0.030	0.026	19.088
19688.000	740.639	-87.674	7.546	0.031	0.025	18.855
19692.000	737.875	-87.419	7.642	0.032	0.025	18.680
19696.000	735.097	-86.120	7.753	0.034	0.025	18.439
19700.000	730.919	-87.127	7.834	0.036	0.025	18.194
19704.000	723.941	-87.366	7.889	0.037	0.025	17.938
19708.000	722.730	-89.344	8.009	0.040	0.025	17.712
19712.000	717.188	-88.320	8.103	0.042	0.024	17.468
19716.000	711.443	-88.210	8.207	0.045	0.024	17.184
19720.000	708.227	-87.673	8.296	0.047	0.024	16.945
19724.000	703.423	-87.751	8.459	0.050	0.024	16.717
19728.000	701.495	-87.327	8.531	0.053	0.023	16.414
19732.000	694.228	-88.841	8.668	0.057	0.023	16.145
19736.000	691.420	-88.247	8.826	0.061	0.023	15.868
19740.000	686.169	-86.951	8.942	0.063	0.023	15.582
19744.000	676.938	-87.221	9.104	0.067	0.023	15.262
19748.000	672.738	-89.169	9.216	0.070	0.022	14.962
19752.000	665.606	-87.792	9.427	0.074	0.022	14.647
19756.000	657.251	-85.444	9.577	0.078	0.022	14.286
19760.000	652.021	-85.823	9.753	0.082	0.021	13.999
19764.000	644.549	-86.803	9.936	0.086	0.021	13.650
19768.000	638.746	-85.314	10.148	0.089	0.021	13.263
19772.000	630.465	-85.484	10.326	0.093	0.020	12.910
19776.000	619.629	-86.919	10.523	0.098	0.020	12.522
19780.000	610.216	-85.769	10.747	0.102	0.020	12.114
19784.000	602.823	-84.476	10.987	0.106	0.020	11.756
19788.000	596.081	-84.483	11.193	0.111	0.019	11.357
19792.000	585.098	-82.750	11.513	0.116	0.019	10.937
19796.000	575.351	-81.764	11.730	0.121	0.018	10.507
19800.000	561.156	-80.373	12.039	0.127	0.018	10.067
19804.000	553.984	-82.074	12.330	0.132	0.017	9.653
19808.000	541.360	-80.619	12.658	0.138	0.017	9.215
19812.000	528.207	-78.219	13.011	0.146	0.017	8.748
19816.000	515.856	-74.752	13.427	0.152	0.016	8.243
19820.000	504.780	-73.121	13.838	0.160	0.016	7.829
19824.000	491.992	-70.969	14.226	0.168	0.015	7.351
19828.000	479.031	-67.736	14.733	0.177	0.014	6.884
19832.000	473.101	-61.956	15.268	0.186	0.014	6.485
19836.000	467.250	-57.877	15.750	0.197	0.013	6.144
19840.000	473.206	-51.622	16.426	0.208	0.013	5.921
19844.000	489.370	-45.219	17.074	0.219	0.012	5.796
19848.000	530.515	-36.675	17.746	0.233	0.011	5.933
19852.000	603.323	-30.147	18.488	0.248	0.010	6.334
19856.000	709.620	-23.929	19.376	0.265	0.010	6.998
19860.000	850.527	-27.811	20.275	0.284	0.009	7.976
19864.000	1025.655	-30.394	21.421	0.306	0.009	9.337
19868.000	1201.525	-33.659	22.604	0.331	0.009	10.958
19872.000	1195.855	-39.674	22.036	0.336	0.009	11.352
19876.000	1359.977	-45.981	23.456	0.367	0.010	13.392
19880.000	1441.764	-53.353	25.116	0.402	0.011	15.751
19884.000	1470.006	-60.384	26.647	0.437	0.013	18.532
19888.000	1434.024	-68.979	27.939	0.468	0.015	21.320
19892.000	1375.841	-72.469	29.025	0.495	0.018	24.206
19896.000	1318.158	-76.936	29.917	0.519	0.021	27.070
19900.000	1272.058	-78.416	30.473	0.541	0.023	29.692
19904.000	1227.301	-81.006	30.620	0.553	0.026	31.984
19908.000	1188.159	-82.496	30.474	0.562	0.029	33.899
19912.000	1152.443	-82.737	29.910	0.561	0.031	35.380
19916.000	1128.600	-85.939	29.181	0.555	0.032	36.665
19920.000	1102.100	-85.586	28.190	0.545	0.034	37.334
19924.000	1080.434	-85.324	26.938	0.531	0.035	37.713
19928.000	1056.833	-86.290	25.640	0.514	0.036	37.706
19932.000	1037.814	-86.666	24.358	0.496	0.036	37.515
19936.000	1023.816	-86.822	23.026	0.477	0.036	37.165
19940.000	1007.622	-86.928	21.832	0.458	0.036	36.658
19944.000	996.288	-88.236	20.668	0.439	0.036	36.159
19948.000	981.092	-88.830	19.610	0.421	0.036	35.503
19952.000	973.637	-87.208	18.388	0.403	0.036	35.016
19956.000	960.634	-87.332	17.291	0.386	0.036	34.306
19960.000	952.269	-88.257	16.420	0.371	0.035	33.689
19964.000	941.251	-88.886	15.516	0.357	0.035	33.075
19968.000	933.595	-88.130	14.788	0.343	0.035	32.494
19972.000	924.029	-88.810	14.086	0.331	0.034	31.870
19976.000	916.702	-88.582	13.385	0.319	0.034	31.334
19980.000	908.885	-89.690	12.910	0.309	0.034	30.832
19984.000	904.968	-89.358	12.203	0.300	0.034	30.351
19988.000	897.153	-89.608	11.786	0.290	0.033	29.871
19992.000	892.156	-88.603	11.287	0.282	0.033	29.422
19996.000	888.378	-88.513	10.843	0.274	0.033	29.039
20000.000	882.058	-90.456	10.357	0.266	0.032	28.613
20004.000	879.757	-90.525	9.985	0.260	0.032	28.266
20008.000	870.956	-89.875	9.630	0.254	0.032	27.851
20012.000	868.467	-87.928	9.283	0.248	0.032	27.509
20016.000	863.442	-89.988	8.906	0.243	0.031	27.151
20020.000	860.450	-88.164	8.650	0.239	0.031	26.827
20024.000	856.718	-90.652	8.318	0.234	0.031	26.538
20028.000	854.466	-90.678	8.087	0.230	0.031	26.261
20032.000	848.132	-88.843	7.862	0.228	0.031	25.928
20036.000	845.710	-88.331	7.594	0.225	0.030	25.676
20040.000	842.600	-89.103	7.335	0.223	0.030	25.450
20044.000	841.431	-91.026	7.118	0.220	0.030	25.183
20048.000	835.848	-90.050	6.924	0.218	0.030	24.941
20052.000	832.285	-89.760	6.758	0.216	0.030	24.663
20056.000	829.492	-89.632	6.515	0.213	0.029	24.437
20060.000	825.712	-90.276	6.331	0.211	0.029	24.222
20064.000	822.454	-89.943	6.194	0.209	0.029	24.015
20068.000	820.238	-89.755	6.016	0.207	0.029	23.819
20072.000	816.543	-90.039	5.866	0.204	0.029	23.551
20076.000	812.710	-91.414	5.701	0.199	0.029	23.337
20080.000	810.605	-88.697	5.544	0.197	0.029	23.167
20084.000	808.469	-90.332	5.420	0.194	0.028	23.010
20088.000	806.549	-90.743	5.304	0.192	0.028	22.839
20092.000	802.865	-89.781	5.170	0.190	0.028	22.681
20096.000	801.310	-89.111	5.075	0.188	0.028	22.498
20100.000	800.467	-90.118	4.953	0.185	0.028	22.348
20104.000	799.117	-88.468	4.823	0.183	0.028	22.220
20108.000	794.698	-88.962	4.737	0.181	0.028	22.023
20112.000	794.768	-89.532	4.637	0.180	0.028	21.887
20116.000	794.163	-89.338	4.490	0.177	0.027	21.769
20120.000	790.106	-88.213	4.441	0.176	0.027	21.608
20124.000	787.120	-90.192	4.362	0.174	0.027	21.474
20128.000	786.496	-91.157	4.248	0.172	0.027	21.326
20132.000	786.474	-88.949	4.195	0.170	0.027	21.227
20136.000	783.560	-89.646	4.092	0.168	0.027	21.074
20140.000	778.693	-91.067	4.048	0.167	0.027	20.928
20144.000	778.498	-89.851	3.924	0.166	0.027	20.823
20148.000	776.271	-90.530	3.887	0.164	0.027	20.703
20152.000	777.378	-90.992	3.815	0.163	0.027	20.628
20156.000	774.121	-89.157	3.742	0.162	0.026	20.478
20160.000	771.760	-88.919	3.719	0.161	0.026	20.385
20164.000	770.987	-89.479	3.598	0.159	0.026	20.263
20168.000	769.602	-90.645	3.550	0.158	0.026	20.182
20172.000	769.309	-89.455	3.507	0.157	0.026	20.085
20176.000	765.462	-88.949	3.449	0.156	0.026	19.949
20180.000	763.839	-88.885	3.358	0.154	0.026	19.854
20184.000	763.220	-90.379	3.357	0.153	0.026	19.744
20188.000	762.958	-91.887	3.289	0.152	0.026	19.644
20192.000	760.132	-90.057	3.243	0.151	0.026	19.580
20196.000	759.306	-90.244	3.201	0.150	0.026	19.471
20200.000	756.327	-90.718	3.158	0.149	0.026	19.398
20204.000	756.732	-90.342	3.129	0.148	0.025	19.284
20208.000	755.954	-94.242	3.069	0.147	0.025	19.221
20212.000	757.401	-91.428	3.025	0.146	0.025	19.151
20216.000	751.028	-91.226	2.958	0.145	0.025	19.050
20220.000	752.071	-89.105	2.910	0.143	0.025	18.975
20224.000	752.058	-90.394	2.878	0.142	0.025	18.889
20228.000	751.433	-90.713	2.848	0.141	0.025	18.822
20232.000	748.312	-89.818	2.824	0.140	0.025	18.735
20236.000	747.630	-89.802	2.764	0.139	0.025	18.664
20240.000	747.452	-89.682	2.739	0.138	0.025	18.571
20244.000	744.258	-90.862	2.719	0.137	0.025	18.487
20248.000	743.863	-88.951	2.646	0.136	0.025	18.400
20252.000	743.264	-90.599	2.627	0.135	0.025	18.319
20256.000	741.464	-90.355	2.600	0.134	0.025	18.248
20260.000	739.421	-90.286	2.543	0.134	0.025	18.180
20264.000	741.895	-90.751	2.520	0.133	0.024	18.128
20268.000	740.129	-89.686	2.506	0.132	0.024	18.055
20272.000	737.496	-91.390	2.481	0.131	0.024	17.952
20276.000	735.788	-90.514	2.449	0.130	0.024	17.897
20280.000	735.864	-92.157	2.406	0.129	0.024	17.841
20284.000	734.131	-90.195	2.381	0.128	0.024	17.747
20288.000	732.446	-90.605	2.341	0.128	0.024	17.646
20292.000	732.170	-89.697	2.344	0.127	0.024	17.589
20296.000	729.919	-90.247	2.332	0.126	0.024	17.525
